// MilkShape 3D ASCII

Frames: 30
Frame: 1

Meshes: 11
"Box29" 0 0
20
0 -4.000000 1.000000 4.000000 0.000000 0.000000 -1
0 -4.000000 0.000000 4.000000 0.000000 1.000000 -1
0 4.000000 1.000000 4.000000 1.000000 0.000000 -1
0 4.000000 0.000000 4.000000 1.000000 1.000000 -1
0 4.000000 1.000000 4.000000 0.000000 0.000000 -1
0 4.000000 0.000000 4.000000 0.000000 1.000000 -1
0 4.000000 1.000000 -4.000000 1.000000 0.000000 -1
0 4.000000 0.000000 -4.000000 1.000000 1.000000 -1
0 4.000000 1.000000 -4.000000 0.000000 0.000000 -1
0 4.000000 0.000000 -4.000000 0.000000 1.000000 -1
0 -4.000000 1.000000 -4.000000 1.000000 0.000000 -1
0 -4.000000 0.000000 -4.000000 1.000000 1.000000 -1
0 -4.000000 1.000000 -4.000000 0.000000 0.000000 -1
0 -4.000000 0.000000 -4.000000 0.000000 1.000000 -1
0 -4.000000 1.000000 4.000000 1.000000 0.000000 -1
0 -4.000000 0.000000 4.000000 1.000000 1.000000 -1
0 -4.000000 1.000000 4.000000 0.000000 1.000000 -1
0 4.000000 1.000000 4.000000 1.000000 1.000000 -1
0 -4.000000 0.000000 4.000000 0.000000 0.000000 -1
0 4.000000 0.000000 4.000000 1.000000 0.000000 -1
6
0.000000 0.000000 1.000000
1.000000 0.000000 0.000000
0.000000 0.000000 -1.000000
-1.000000 0.000000 0.000000
0.000000 1.000000 0.000000
0.000000 -1.000000 0.000000
12
0 0 1 2 0 0 0 1
0 1 3 2 0 0 0 1
0 4 5 6 1 1 1 2
0 5 7 6 1 1 1 2
0 8 9 10 2 2 2 1
0 9 11 10 2 2 2 1
0 12 13 14 3 3 3 2
0 13 15 14 3 3 3 2
0 12 16 6 4 4 4 3
0 16 17 6 4 4 4 3
0 18 13 19 5 5 5 3
0 13 7 19 5 5 5 3
"Cylinder11" 1 1
51
1 -1.276552 1.000000 -1.972222 0.000000 0.000000 -1
1 -1.368660 1.000000 -1.630594 0.000000 0.000000 -1
1 -1.964052 1.000000 -1.972222 0.000000 0.000000 -1
1 -1.276552 3.012821 -1.972222 0.000000 0.000000 -1
1 -1.964052 3.012821 -1.972222 0.000000 0.000000 -1
1 -1.368660 3.012821 -1.630594 0.000000 0.000000 -1
1 -1.276552 1.000000 -1.972222 0.000000 1.000000 -1
1 -1.368660 1.000000 -1.630594 0.083333 1.000000 -1
1 -1.368660 3.012821 -1.630594 0.083333 0.000000 -1
1 -1.620302 1.000000 -1.380505 0.000000 0.000000 -1
1 -1.620302 3.012821 -1.380505 0.000000 0.000000 -1
1 -1.620302 3.012821 -1.380505 0.166667 0.000000 -1
1 -1.620302 1.000000 -1.380505 0.166667 1.000000 -1
1 -1.964052 1.000000 -1.288966 0.000000 0.000000 -1
1 -1.964052 3.012821 -1.288966 0.000000 0.000000 -1
1 -1.964052 1.000000 -1.288966 0.250000 1.000000 -1
1 -1.964052 3.012821 -1.288966 0.250000 0.000000 -1
1 -2.307802 1.000000 -1.380505 0.000000 0.000000 -1
1 -2.307802 3.012821 -1.380505 0.000000 0.000000 -1
1 -2.307802 3.012821 -1.380505 0.333333 0.000000 -1
1 -2.307802 1.000000 -1.380505 0.333333 1.000000 -1
1 -2.559444 1.000000 -1.630594 0.000000 0.000000 -1
1 -2.559444 3.012821 -1.630594 0.000000 0.000000 -1
1 -2.559444 1.000000 -1.630594 0.416667 1.000000 -1
1 -2.559444 3.012821 -1.630594 0.416667 0.000000 -1
1 -2.651552 1.000000 -1.972222 0.000000 0.000000 -1
1 -2.651552 3.012821 -1.972222 0.000000 0.000000 -1
1 -2.651552 3.012821 -1.972222 0.500000 0.000000 -1
1 -2.651552 1.000000 -1.972222 0.500000 1.000000 -1
1 -2.559444 1.000000 -2.313850 0.000000 0.000000 -1
1 -2.559444 3.012821 -2.313850 0.000000 0.000000 -1
1 -2.559444 1.000000 -2.313850 0.583333 1.000000 -1
1 -2.559444 3.012821 -2.313850 0.583333 0.000000 -1
1 -2.307802 1.000000 -2.563940 0.000000 0.000000 -1
1 -2.307802 3.012821 -2.563940 0.000000 0.000000 -1
1 -2.307802 3.012821 -2.563940 0.666667 0.000000 -1
1 -2.307802 1.000000 -2.563940 0.666667 1.000000 -1
1 -1.964052 1.000000 -2.655478 0.000000 0.000000 -1
1 -1.964052 3.012821 -2.655478 0.000000 0.000000 -1
1 -1.964052 1.000000 -2.655478 0.750000 1.000000 -1
1 -1.964052 3.012821 -2.655478 0.750000 0.000000 -1
1 -1.620302 1.000000 -2.563940 0.000000 0.000000 -1
1 -1.620302 3.012821 -2.563940 0.000000 0.000000 -1
1 -1.620302 3.012821 -2.563940 0.833333 0.000000 -1
1 -1.620302 1.000000 -2.563940 0.833333 1.000000 -1
1 -1.368660 1.000000 -2.313850 0.000000 0.000000 -1
1 -1.368660 3.012821 -2.313850 0.000000 0.000000 -1
1 -1.368660 1.000000 -2.313850 0.916667 1.000000 -1
1 -1.368660 3.012821 -2.313850 0.916667 0.000000 -1
1 -1.276552 3.012821 -1.972222 1.000000 0.000000 -1
1 -1.276552 1.000000 -1.972222 1.000000 1.000000 -1
16
0.000000 -1.000000 0.000000
0.000000 1.000000 0.000000
1.000000 0.000000 0.000000
0.864861 0.000000 0.502011
0.497990 0.000000 0.867183
-0.000000 0.000000 1.000000
-0.497990 0.000000 0.867183
-0.497990 0.000000 0.867183
-0.864861 0.000000 0.502012
-1.000000 0.000000 0.000000
-0.864861 0.000000 -0.502012
-0.497990 0.000000 -0.867183
-0.000000 0.000000 -1.000000
0.497990 0.000000 -0.867183
0.864861 0.000000 -0.502011
0.864861 0.000000 -0.502011
48
1 0 1 2 0 0 0 2
1 3 4 5 1 1 1 2
1 6 3 7 2 2 3 1
1 3 8 7 2 3 3 1
1 1 9 2 0 0 0 2
1 5 4 10 1 1 1 2
1 7 8 11 3 3 4 1
1 7 11 12 3 4 4 1
1 9 13 2 0 0 0 2
1 10 4 14 1 1 1 2
1 12 11 15 4 4 5 1
1 11 16 15 4 5 5 1
1 13 17 2 0 0 0 2
1 14 4 18 1 1 1 2
1 15 16 19 5 5 6 1
1 15 19 20 5 6 7 1
1 17 21 2 0 0 0 2
1 18 4 22 1 1 1 2
1 20 19 23 7 6 8 1
1 19 24 23 6 8 8 1
1 21 25 2 0 0 0 2
1 22 4 26 1 1 1 2
1 23 24 27 8 8 9 1
1 23 27 28 8 9 9 1
1 25 29 2 0 0 0 2
1 26 4 30 1 1 1 2
1 28 27 31 9 9 10 1
1 27 32 31 9 10 10 1
1 29 33 2 0 0 0 2
1 30 4 34 1 1 1 2
1 31 32 35 10 10 11 1
1 31 35 36 10 11 11 1
1 33 37 2 0 0 0 2
1 34 4 38 1 1 1 2
1 36 35 39 11 11 12 1
1 35 40 39 11 12 12 1
1 37 41 2 0 0 0 2
1 38 4 42 1 1 1 2
1 39 40 43 12 12 13 1
1 39 43 44 12 13 13 1
1 41 45 2 0 0 0 2
1 42 4 46 1 1 1 2
1 44 43 47 13 13 14 1
1 43 48 47 13 15 14 1
1 45 0 2 0 0 0 2
1 46 4 3 1 1 1 2
1 47 48 49 14 15 2 1
1 47 49 50 14 2 2 1
"Duplicate14" 0 1
51
0 -1.332108 1.000000 2.027778 0.000000 0.000000 -1
0 -1.424215 1.000000 2.371528 0.000000 0.000000 -1
0 -2.019608 1.000000 2.027778 0.000000 0.000000 -1
0 -1.332108 3.012821 2.027778 0.000000 0.000000 -1
0 -2.019608 3.012821 2.027778 0.000000 0.000000 -1
0 -1.424215 3.012821 2.371528 0.000000 0.000000 -1
0 -1.332108 1.000000 2.027778 0.000000 1.000000 -1
0 -1.424215 1.000000 2.371528 0.083333 1.000000 -1
0 -1.424215 3.012821 2.371528 0.083333 0.000000 -1
0 -1.675858 1.000000 2.623170 0.000000 0.000000 -1
0 -1.675858 3.012821 2.623170 0.000000 0.000000 -1
0 -1.675858 3.012821 2.623170 0.166667 0.000000 -1
0 -1.675858 1.000000 2.623170 0.166667 1.000000 -1
0 -2.019608 1.000000 2.715278 0.000000 0.000000 -1
0 -2.019608 3.012821 2.715278 0.000000 0.000000 -1
0 -2.019608 1.000000 2.715278 0.250000 1.000000 -1
0 -2.019608 3.012821 2.715278 0.250000 0.000000 -1
0 -2.363358 1.000000 2.623170 0.000000 0.000000 -1
0 -2.363358 3.012821 2.623170 0.000000 0.000000 -1
0 -2.363358 3.012821 2.623170 0.333333 0.000000 -1
0 -2.363358 1.000000 2.623170 0.333333 1.000000 -1
0 -2.615000 1.000000 2.371528 0.000000 0.000000 -1
0 -2.615000 3.012821 2.371528 0.000000 0.000000 -1
0 -2.615000 1.000000 2.371528 0.416667 1.000000 -1
0 -2.615000 3.012821 2.371528 0.416667 0.000000 -1
0 -2.707108 1.000000 2.027778 0.000000 0.000000 -1
0 -2.707108 3.012821 2.027778 0.000000 0.000000 -1
0 -2.707108 3.012821 2.027778 0.500000 0.000000 -1
0 -2.707108 1.000000 2.027778 0.500000 1.000000 -1
0 -2.615000 1.000000 1.684028 0.000000 0.000000 -1
0 -2.615000 3.012821 1.684028 0.000000 0.000000 -1
0 -2.615000 1.000000 1.684028 0.583333 1.000000 -1
0 -2.615000 3.012821 1.684028 0.583333 0.000000 -1
0 -2.363358 1.000000 1.432385 0.000000 0.000000 -1
0 -2.363358 3.012821 1.432385 0.000000 0.000000 -1
0 -2.363358 3.012821 1.432385 0.666667 0.000000 -1
0 -2.363358 1.000000 1.432385 0.666667 1.000000 -1
0 -2.019608 1.000000 1.340278 0.000000 0.000000 -1
0 -2.019608 3.012821 1.340278 0.000000 0.000000 -1
0 -2.019608 1.000000 1.340278 0.750000 1.000000 -1
0 -2.019608 3.012821 1.340278 0.750000 0.000000 -1
0 -1.675858 1.000000 1.432385 0.000000 0.000000 -1
0 -1.675858 3.012821 1.432385 0.000000 0.000000 -1
0 -1.675858 3.012821 1.432385 0.833333 0.000000 -1
0 -1.675858 1.000000 1.432385 0.833333 1.000000 -1
0 -1.424215 1.000000 1.684028 0.000000 0.000000 -1
0 -1.424215 3.012821 1.684028 0.000000 0.000000 -1
0 -1.424215 1.000000 1.684028 0.916667 1.000000 -1
0 -1.424215 3.012821 1.684028 0.916667 0.000000 -1
0 -1.332108 3.012821 2.027778 1.000000 0.000000 -1
0 -1.332108 1.000000 2.027778 1.000000 1.000000 -1
19
0.000000 -1.000000 0.000000
0.000000 1.000000 0.000000
1.000000 0.000000 0.000000
1.000000 0.000000 0.000000
0.866026 0.000000 0.500000
0.866026 0.000000 0.500000
0.500000 0.000000 0.866025
0.000000 0.000000 1.000000
-0.500000 0.000000 0.866025
-0.866026 0.000000 0.500000
-0.866026 0.000000 0.500000
-1.000000 0.000000 0.000000
-0.866025 0.000000 -0.500000
-0.500000 0.000000 -0.866026
-0.500000 0.000000 -0.866026
0.000000 0.000000 -1.000000
0.500000 0.000000 -0.866025
0.866025 0.000000 -0.500000
0.866025 0.000000 -0.500000
48
0 0 1 2 0 0 0 2
0 3 4 5 1 1 1 2
0 6 3 7 2 3 4 1
0 3 8 7 3 5 4 1
0 1 9 2 0 0 0 2
0 5 4 10 1 1 1 2
0 7 8 11 4 5 6 1
0 7 11 12 4 6 6 1
0 9 13 2 0 0 0 2
0 10 4 14 1 1 1 2
0 12 11 15 6 6 7 1
0 11 16 15 6 7 7 1
0 13 17 2 0 0 0 2
0 14 4 18 1 1 1 2
0 15 16 19 7 7 8 1
0 15 19 20 7 8 8 1
0 17 21 2 0 0 0 2
0 18 4 22 1 1 1 2
0 20 19 23 8 8 9 1
0 19 24 23 8 10 9 1
0 21 25 2 0 0 0 2
0 22 4 26 1 1 1 2
0 23 24 27 9 10 11 1
0 23 27 28 9 11 11 1
0 25 29 2 0 0 0 2
0 26 4 30 1 1 1 2
0 28 27 31 11 11 12 1
0 27 32 31 11 12 12 1
0 29 33 2 0 0 0 2
0 30 4 34 1 1 1 2
0 31 32 35 12 12 13 1
0 31 35 36 12 13 14 1
0 33 37 2 0 0 0 2
0 34 4 38 1 1 1 2
0 36 35 39 14 13 15 1
0 35 40 39 13 15 15 1
0 37 41 2 0 0 0 2
0 38 4 42 1 1 1 2
0 39 40 43 15 15 16 1
0 39 43 44 15 16 16 1
0 41 45 2 0 0 0 2
0 42 4 46 1 1 1 2
0 44 43 47 16 16 17 1
0 43 48 47 16 18 17 1
0 45 0 2 0 0 0 2
0 46 4 3 1 1 1 2
0 47 48 49 17 18 3 1
0 47 49 50 17 3 2 1
"Duplicate15" 0 1
51
0 2.723448 1.000000 2.027778 0.000000 0.000000 -1
0 2.631340 1.000000 2.371527 0.000000 0.000000 -1
0 2.035948 1.000000 2.027778 0.000000 0.000000 -1
0 2.723448 3.012821 2.027778 0.000000 0.000000 -1
0 2.035948 3.012821 2.027778 0.000000 0.000000 -1
0 2.631340 3.012821 2.371527 0.000000 0.000000 -1
0 2.723448 1.000000 2.027778 0.000000 1.000000 -1
0 2.631340 1.000000 2.371527 0.083333 1.000000 -1
0 2.631340 3.012821 2.371527 0.083333 0.000000 -1
0 2.379698 1.000000 2.623170 0.000000 0.000000 -1
0 2.379698 3.012821 2.623170 0.000000 0.000000 -1
0 2.379698 3.012821 2.623170 0.166667 0.000000 -1
0 2.379698 1.000000 2.623170 0.166667 1.000000 -1
0 2.035948 1.000000 2.715278 0.000000 0.000000 -1
0 2.035948 3.012821 2.715278 0.000000 0.000000 -1
0 2.035948 1.000000 2.715278 0.250000 1.000000 -1
0 2.035948 3.012821 2.715278 0.250000 0.000000 -1
0 1.692198 1.000000 2.623170 0.000000 0.000000 -1
0 1.692198 3.012821 2.623170 0.000000 0.000000 -1
0 1.692198 3.012821 2.623170 0.333333 0.000000 -1
0 1.692198 1.000000 2.623170 0.333333 1.000000 -1
0 1.440555 1.000000 2.371527 0.000000 0.000000 -1
0 1.440555 3.012821 2.371527 0.000000 0.000000 -1
0 1.440555 1.000000 2.371527 0.416667 1.000000 -1
0 1.440555 3.012821 2.371527 0.416667 0.000000 -1
0 1.348448 1.000000 2.027778 0.000000 0.000000 -1
0 1.348448 3.012821 2.027778 0.000000 0.000000 -1
0 1.348448 3.012821 2.027778 0.500000 0.000000 -1
0 1.348448 1.000000 2.027778 0.500000 1.000000 -1
0 1.440555 1.000000 1.684028 0.000000 0.000000 -1
0 1.440555 3.012821 1.684028 0.000000 0.000000 -1
0 1.440555 1.000000 1.684028 0.583333 1.000000 -1
0 1.440555 3.012821 1.684028 0.583333 0.000000 -1
0 1.692198 1.000000 1.432385 0.000000 0.000000 -1
0 1.692198 3.012821 1.432385 0.000000 0.000000 -1
0 1.692198 3.012821 1.432385 0.666667 0.000000 -1
0 1.692198 1.000000 1.432385 0.666667 1.000000 -1
0 2.035948 1.000000 1.340278 0.000000 0.000000 -1
0 2.035948 3.012821 1.340278 0.000000 0.000000 -1
0 2.035948 1.000000 1.340278 0.750000 1.000000 -1
0 2.035948 3.012821 1.340278 0.750000 0.000000 -1
0 2.379698 1.000000 1.432385 0.000000 0.000000 -1
0 2.379698 3.012821 1.432385 0.000000 0.000000 -1
0 2.379698 3.012821 1.432385 0.833333 0.000000 -1
0 2.379698 1.000000 1.432385 0.833333 1.000000 -1
0 2.631340 1.000000 1.684028 0.000000 0.000000 -1
0 2.631340 3.012821 1.684028 0.000000 0.000000 -1
0 2.631340 1.000000 1.684028 0.916667 1.000000 -1
0 2.631340 3.012821 1.684028 0.916667 0.000000 -1
0 2.723448 3.012821 2.027778 1.000000 0.000000 -1
0 2.723448 1.000000 2.027778 1.000000 1.000000 -1
18
0.000000 -1.000000 0.000000
0.000000 1.000000 0.000000
1.000000 0.000000 0.000000
0.866025 0.000000 0.500000
0.500001 0.000000 0.866025
0.500001 0.000000 0.866025
-0.000000 0.000000 1.000000
-0.500000 0.000000 0.866025
-0.866025 0.000000 0.500000
-0.866025 0.000000 0.500000
-1.000000 0.000000 0.000000
-1.000000 0.000000 0.000000
-0.866025 0.000000 -0.500000
-0.866025 0.000000 -0.500000
-0.500000 0.000000 -0.866025
-0.000000 0.000000 -1.000000
0.500000 0.000000 -0.866025
0.866025 0.000000 -0.500000
48
0 0 1 2 0 0 0 2
0 3 4 5 1 1 1 2
0 6 3 7 2 2 3 1
0 3 8 7 2 3 3 1
0 1 9 2 0 0 0 2
0 5 4 10 1 1 1 2
0 7 8 11 3 3 4 1
0 7 11 12 3 4 5 1
0 9 13 2 0 0 0 2
0 10 4 14 1 1 1 2
0 12 11 15 5 4 6 1
0 11 16 15 4 6 6 1
0 13 17 2 0 0 0 2
0 14 4 18 1 1 1 2
0 15 16 19 6 6 7 1
0 15 19 20 6 7 7 1
0 17 21 2 0 0 0 2
0 18 4 22 1 1 1 2
0 20 19 23 7 7 8 1
0 19 24 23 7 9 8 1
0 21 25 2 0 0 0 2
0 22 4 26 1 1 1 2
0 23 24 27 8 9 10 1
0 23 27 28 8 10 11 1
0 25 29 2 0 0 0 2
0 26 4 30 1 1 1 2
0 28 27 31 11 10 12 1
0 27 32 31 10 13 12 1
0 29 33 2 0 0 0 2
0 30 4 34 1 1 1 2
0 31 32 35 12 13 14 1
0 31 35 36 12 14 14 1
0 33 37 2 0 0 0 2
0 34 4 38 1 1 1 2
0 36 35 39 14 14 15 1
0 35 40 39 14 15 15 1
0 37 41 2 0 0 0 2
0 38 4 42 1 1 1 2
0 39 40 43 15 15 16 1
0 39 43 44 15 16 16 1
0 41 45 2 0 0 0 2
0 42 4 46 1 1 1 2
0 44 43 47 16 16 17 1
0 43 48 47 16 17 17 1
0 45 0 2 0 0 0 2
0 46 4 3 1 1 1 2
0 47 48 49 17 17 2 1
0 47 49 50 17 2 2 1
"Duplicate16" 1 1
51
1 2.667893 1.000000 -2.027778 0.000000 0.000000 -1
1 2.575785 1.000000 -1.684028 0.000000 0.000000 -1
1 1.980392 1.000000 -2.027778 0.000000 0.000000 -1
1 2.667893 3.012821 -2.027778 0.000000 0.000000 -1
1 1.980392 3.012821 -2.027778 0.000000 0.000000 -1
1 2.575785 3.012821 -1.684028 0.000000 0.000000 -1
1 2.667893 1.000000 -2.027778 0.000000 1.000000 -1
1 2.575785 1.000000 -1.684028 0.083333 1.000000 -1
1 2.575785 3.012821 -1.684028 0.083333 0.000000 -1
1 2.324142 1.000000 -1.432385 0.000000 0.000000 -1
1 2.324142 3.012821 -1.432385 0.000000 0.000000 -1
1 2.324142 3.012821 -1.432385 0.166667 0.000000 -1
1 2.324142 1.000000 -1.432385 0.166667 1.000000 -1
1 1.980392 1.000000 -1.340278 0.000000 0.000000 -1
1 1.980392 3.012821 -1.340278 0.000000 0.000000 -1
1 1.980392 1.000000 -1.340278 0.250000 1.000000 -1
1 1.980392 3.012821 -1.340278 0.250000 0.000000 -1
1 1.636643 1.000000 -1.432385 0.000000 0.000000 -1
1 1.636643 3.012821 -1.432385 0.000000 0.000000 -1
1 1.636643 3.012821 -1.432385 0.333333 0.000000 -1
1 1.636643 1.000000 -1.432385 0.333333 1.000000 -1
1 1.385000 1.000000 -1.684028 0.000000 0.000000 -1
1 1.385000 3.012821 -1.684028 0.000000 0.000000 -1
1 1.385000 1.000000 -1.684028 0.416667 1.000000 -1
1 1.385000 3.012821 -1.684028 0.416667 0.000000 -1
1 1.292892 1.000000 -2.027778 0.000000 0.000000 -1
1 1.292892 3.012821 -2.027778 0.000000 0.000000 -1
1 1.292892 3.012821 -2.027778 0.500000 0.000000 -1
1 1.292892 1.000000 -2.027778 0.500000 1.000000 -1
1 1.385000 1.000000 -2.371528 0.000000 0.000000 -1
1 1.385000 3.012821 -2.371528 0.000000 0.000000 -1
1 1.385000 1.000000 -2.371528 0.583333 1.000000 -1
1 1.385000 3.012821 -2.371528 0.583333 0.000000 -1
1 1.636643 1.000000 -2.623171 0.000000 0.000000 -1
1 1.636643 3.012821 -2.623171 0.000000 0.000000 -1
1 1.636643 3.012821 -2.623171 0.666667 0.000000 -1
1 1.636643 1.000000 -2.623171 0.666667 1.000000 -1
1 1.980392 1.000000 -2.715278 0.000000 0.000000 -1
1 1.980392 3.012821 -2.715278 0.000000 0.000000 -1
1 1.980392 1.000000 -2.715278 0.750000 1.000000 -1
1 1.980392 3.012821 -2.715278 0.750000 0.000000 -1
1 2.324142 1.000000 -2.623171 0.000000 0.000000 -1
1 2.324142 3.012821 -2.623171 0.000000 0.000000 -1
1 2.324142 3.012821 -2.623171 0.833333 0.000000 -1
1 2.324142 1.000000 -2.623171 0.833333 1.000000 -1
1 2.575785 1.000000 -2.371528 0.000000 0.000000 -1
1 2.575785 3.012821 -2.371528 0.000000 0.000000 -1
1 2.575785 1.000000 -2.371528 0.916667 1.000000 -1
1 2.575785 3.012821 -2.371528 0.916667 0.000000 -1
1 2.667893 3.012821 -2.027778 1.000000 0.000000 -1
1 2.667893 1.000000 -2.027778 1.000000 1.000000 -1
18
0.000000 -1.000000 0.000000
0.000000 1.000000 0.000000
1.000000 0.000000 0.000000
0.866025 0.000000 0.500000
0.866025 0.000000 0.500000
0.500000 0.000000 0.866025
-0.000000 0.000000 1.000000
-0.500000 0.000000 0.866025
-0.866025 0.000000 0.500000
-0.866025 0.000000 0.500000
-1.000000 0.000000 0.000000
-1.000000 0.000000 0.000000
-0.866025 0.000000 -0.500000
-0.866025 0.000000 -0.500000
-0.500000 0.000000 -0.866026
-0.000000 0.000000 -1.000000
0.500000 0.000000 -0.866025
0.866025 0.000000 -0.500000
48
1 0 1 2 0 0 0 2
1 3 4 5 1 1 1 2
1 6 3 7 2 2 3 1
1 3 8 7 2 4 3 1
1 1 9 2 0 0 0 2
1 5 4 10 1 1 1 2
1 7 8 11 3 4 5 1
1 7 11 12 3 5 5 1
1 9 13 2 0 0 0 2
1 10 4 14 1 1 1 2
1 12 11 15 5 5 6 1
1 11 16 15 5 6 6 1
1 13 17 2 0 0 0 2
1 14 4 18 1 1 1 2
1 15 16 19 6 6 7 1
1 15 19 20 6 7 7 1
1 17 21 2 0 0 0 2
1 18 4 22 1 1 1 2
1 20 19 23 7 7 8 1
1 19 24 23 7 9 8 1
1 21 25 2 0 0 0 2
1 22 4 26 1 1 1 2
1 23 24 27 8 9 10 1
1 23 27 28 8 10 11 1
1 25 29 2 0 0 0 2
1 26 4 30 1 1 1 2
1 28 27 31 11 10 12 1
1 27 32 31 10 13 12 1
1 29 33 2 0 0 0 2
1 30 4 34 1 1 1 2
1 31 32 35 12 13 14 1
1 31 35 36 12 14 14 1
1 33 37 2 0 0 0 2
1 34 4 38 1 1 1 2
1 36 35 39 14 14 15 1
1 35 40 39 14 15 15 1
1 37 41 2 0 0 0 2
1 38 4 42 1 1 1 2
1 39 40 43 15 15 16 1
1 39 43 44 15 16 16 1
1 41 45 2 0 0 0 2
1 42 4 46 1 1 1 2
1 44 43 47 16 16 17 1
1 43 48 47 16 17 17 1
1 45 0 2 0 0 0 2
1 46 4 3 1 1 1 2
1 47 48 49 17 17 2 1
1 47 49 50 17 2 2 1
"Cylinder15" 0 2
33
0 -0.325163 3.076923 -1.933760 0.000000 0.000000 -1
0 -0.548454 3.076923 -1.100427 0.000000 0.000000 -1
0 -1.991830 3.076923 -1.933760 0.000000 0.000000 -1
0 -0.325163 3.076923 -1.933760 0.000000 1.000000 -1
0 -1.991830 4.487179 -1.933760 0.000000 0.000000 -1
0 -0.548454 3.076923 -1.100427 0.083333 1.000000 -1
0 -1.158497 3.076923 -0.490384 0.000000 0.000000 -1
0 -1.991830 4.487179 -1.933760 0.166667 0.000000 -1
0 -1.158497 3.076923 -0.490384 0.166667 1.000000 -1
0 -1.991830 3.076923 -0.267094 0.000000 0.000000 -1
0 -1.991830 3.076923 -0.267094 0.250000 1.000000 -1
0 -2.825163 3.076923 -0.490384 0.000000 0.000000 -1
0 -1.991830 4.487179 -1.933760 0.333333 0.000000 -1
0 -2.825163 3.076923 -0.490384 0.333333 1.000000 -1
0 -3.435206 3.076923 -1.100427 0.000000 0.000000 -1
0 -3.435206 3.076923 -1.100427 0.416667 1.000000 -1
0 -3.658497 3.076923 -1.933760 0.000000 0.000000 -1
0 -1.991830 4.487179 -1.933760 0.500000 0.000000 -1
0 -3.658497 3.076923 -1.933760 0.500000 1.000000 -1
0 -3.435206 3.076923 -2.767094 0.000000 0.000000 -1
0 -3.435206 3.076923 -2.767094 0.583333 1.000000 -1
0 -2.825163 3.076923 -3.377136 0.000000 0.000000 -1
0 -1.991830 4.487179 -1.933760 0.666667 0.000000 -1
0 -2.825163 3.076923 -3.377136 0.666667 1.000000 -1
0 -1.991830 3.076923 -3.600427 0.000000 0.000000 -1
0 -1.991830 3.076923 -3.600427 0.750000 1.000000 -1
0 -1.158497 3.076923 -3.377136 0.000000 0.000000 -1
0 -1.991830 4.487179 -1.933760 0.833333 0.000000 -1
0 -1.158497 3.076923 -3.377136 0.833333 1.000000 -1
0 -0.548454 3.076923 -2.767094 0.000000 0.000000 -1
0 -0.548454 3.076923 -2.767094 0.916667 1.000000 -1
0 -1.991830 4.487179 -1.933760 1.000000 0.000000 -1
0 -0.325163 3.076923 -1.933760 1.000000 1.000000 -1
14
0.000000 -1.000000 0.000000
0.645942 0.763386 0.000000
0.000000 1.000000 0.000000
0.559402 0.763386 0.322971
0.322971 0.763386 0.559402
-0.000000 0.763386 0.645942
-0.322971 0.763386 0.559402
-0.559402 0.763386 0.322971
-0.645942 0.763386 0.000000
-0.559402 0.763386 -0.322971
-0.322971 0.763386 -0.559402
-0.000000 0.763386 -0.645942
0.322971 0.763386 -0.559402
0.559402 0.763386 -0.322971
24
0 0 1 2 0 0 0 2
0 3 4 5 1 2 3 1
0 1 6 2 0 0 0 2
0 5 7 8 3 2 4 1
0 6 9 2 0 0 0 2
0 8 7 10 4 2 5 1
0 9 11 2 0 0 0 2
0 10 12 13 5 2 6 1
0 11 14 2 0 0 0 2
0 13 12 15 6 2 7 1
0 14 16 2 0 0 0 2
0 15 17 18 7 2 8 1
0 16 19 2 0 0 0 2
0 18 17 20 8 2 9 1
0 19 21 2 0 0 0 2
0 20 22 23 9 2 10 1
0 21 24 2 0 0 0 2
0 23 22 25 10 2 11 1
0 24 26 2 0 0 0 2
0 25 27 28 11 2 12 1
0 26 29 2 0 0 0 2
0 28 27 30 12 2 13 1
0 29 0 2 0 0 0 2
0 30 31 32 13 2 1 1
"Duplicate17" 0 2
33
0 -0.741830 4.000000 -1.933760 0.000000 0.000000 -1
0 -0.909298 4.000000 -1.308760 0.000000 0.000000 -1
0 -1.991830 4.000000 -1.933760 0.000000 0.000000 -1
0 -0.741830 4.000000 -1.933760 0.000000 1.000000 -1
0 -1.991830 5.410258 -1.933760 0.000000 0.000000 -1
0 -0.909298 4.000000 -1.308760 0.083333 1.000000 -1
0 -1.366830 4.000000 -0.851228 0.000000 0.000000 -1
0 -1.991830 5.410258 -1.933760 0.166667 0.000000 -1
0 -1.366830 4.000000 -0.851228 0.166667 1.000000 -1
0 -1.991830 4.000000 -0.683761 0.000000 0.000000 -1
0 -1.991830 4.000000 -0.683761 0.250000 1.000000 -1
0 -2.616830 4.000000 -0.851228 0.000000 0.000000 -1
0 -1.991830 5.410258 -1.933760 0.333333 0.000000 -1
0 -2.616830 4.000000 -0.851228 0.333333 1.000000 -1
0 -3.074362 4.000000 -1.308760 0.000000 0.000000 -1
0 -3.074362 4.000000 -1.308760 0.416667 1.000000 -1
0 -3.241830 4.000000 -1.933760 0.000000 0.000000 -1
0 -1.991830 5.410258 -1.933760 0.500000 0.000000 -1
0 -3.241830 4.000000 -1.933760 0.500000 1.000000 -1
0 -3.074362 4.000000 -2.558761 0.000000 0.000000 -1
0 -3.074362 4.000000 -2.558761 0.583333 1.000000 -1
0 -2.616830 4.000000 -3.016292 0.000000 0.000000 -1
0 -1.991830 5.410258 -1.933760 0.666667 0.000000 -1
0 -2.616830 4.000000 -3.016292 0.666667 1.000000 -1
0 -1.991830 4.000000 -3.183761 0.000000 0.000000 -1
0 -1.991830 4.000000 -3.183761 0.750000 1.000000 -1
0 -1.366830 4.000000 -3.016292 0.000000 0.000000 -1
0 -1.991830 5.410258 -1.933760 0.833333 0.000000 -1
0 -1.366830 4.000000 -3.016292 0.833333 1.000000 -1
0 -0.909298 4.000000 -2.558761 0.000000 0.000000 -1
0 -0.909298 4.000000 -2.558761 0.916667 1.000000 -1
0 -1.991830 5.410258 -1.933760 1.000000 0.000000 -1
0 -0.741830 4.000000 -1.933760 1.000000 1.000000 -1
14
0.000000 -1.000000 0.000000
0.748347 0.663307 0.000000
0.000000 1.000000 0.000000
0.648088 0.663307 0.374174
0.374174 0.663307 0.648088
-0.000000 0.663307 0.748347
-0.374173 0.663307 0.648088
-0.648088 0.663307 0.374174
-0.748347 0.663307 0.000000
-0.648088 0.663307 -0.374174
-0.374174 0.663307 -0.648088
-0.000000 0.663307 -0.748347
0.374174 0.663307 -0.648088
0.648088 0.663307 -0.374174
24
0 0 1 2 0 0 0 2
0 3 4 5 1 2 3 1
0 1 6 2 0 0 0 2
0 5 7 8 3 2 4 1
0 6 9 2 0 0 0 2
0 8 7 10 4 2 5 1
0 9 11 2 0 0 0 2
0 10 12 13 5 2 6 1
0 11 14 2 0 0 0 2
0 13 12 15 6 2 7 1
0 14 16 2 0 0 0 2
0 15 17 18 7 2 8 1
0 16 19 2 0 0 0 2
0 18 17 20 8 2 9 1
0 19 21 2 0 0 0 2
0 20 22 23 9 2 10 1
0 21 24 2 0 0 0 2
0 23 22 25 10 2 11 1
0 24 26 2 0 0 0 2
0 25 27 28 11 2 12 1
0 26 29 2 0 0 0 2
0 28 27 30 12 2 13 1
0 29 0 2 0 0 0 2
0 30 31 32 13 2 1 1
"Duplicate18" 0 2
33
0 -1.054330 5.000000 -1.933760 0.000000 0.000000 -1
0 -1.179931 5.000000 -1.465010 0.000000 0.000000 -1
0 -1.991830 5.000000 -1.933760 0.000000 0.000000 -1
0 -1.054330 5.000000 -1.933760 0.000000 1.000000 -1
0 -1.991830 6.410258 -1.933760 0.000000 0.000000 -1
0 -1.179931 5.000000 -1.465010 0.083333 1.000000 -1
0 -1.523080 5.000000 -1.121861 0.000000 0.000000 -1
0 -1.991830 6.410258 -1.933760 0.166667 0.000000 -1
0 -1.523080 5.000000 -1.121861 0.166667 1.000000 -1
0 -1.991830 5.000000 -0.996261 0.000000 0.000000 -1
0 -1.991830 5.000000 -0.996261 0.250000 1.000000 -1
0 -2.460580 5.000000 -1.121861 0.000000 0.000000 -1
0 -1.991830 6.410258 -1.933760 0.333333 0.000000 -1
0 -2.460580 5.000000 -1.121861 0.333333 1.000000 -1
0 -2.803729 5.000000 -1.465010 0.000000 0.000000 -1
0 -2.803729 5.000000 -1.465010 0.416667 1.000000 -1
0 -2.929330 5.000000 -1.933760 0.000000 0.000000 -1
0 -1.991830 6.410258 -1.933760 0.500000 0.000000 -1
0 -2.929330 5.000000 -1.933760 0.500000 1.000000 -1
0 -2.803729 5.000000 -2.402511 0.000000 0.000000 -1
0 -2.803729 5.000000 -2.402511 0.583333 1.000000 -1
0 -2.460580 5.000000 -2.745659 0.000000 0.000000 -1
0 -1.991830 6.410258 -1.933760 0.666667 0.000000 -1
0 -2.460580 5.000000 -2.745659 0.666667 1.000000 -1
0 -1.991830 5.000000 -2.871261 0.000000 0.000000 -1
0 -1.991830 5.000000 -2.871261 0.750000 1.000000 -1
0 -1.523080 5.000000 -2.745659 0.000000 0.000000 -1
0 -1.991830 6.410258 -1.933760 0.833333 0.000000 -1
0 -1.523080 5.000000 -2.745659 0.833333 1.000000 -1
0 -1.179931 5.000000 -2.402511 0.000000 0.000000 -1
0 -1.179931 5.000000 -2.402511 0.916667 1.000000 -1
0 -1.991830 6.410258 -1.933760 1.000000 0.000000 -1
0 -1.054330 5.000000 -1.933760 1.000000 1.000000 -1
14
0.000000 -1.000000 0.000000
0.832778 0.553607 0.000000
0.000000 1.000000 0.000000
0.721207 0.553607 0.416389
0.416389 0.553607 0.721207
-0.000000 0.553607 0.832778
-0.416389 0.553607 0.721207
-0.721207 0.553607 0.416389
-0.832778 0.553607 0.000000
-0.721207 0.553608 -0.416389
-0.416389 0.553607 -0.721207
-0.000000 0.553608 -0.832778
0.416389 0.553607 -0.721207
0.721207 0.553607 -0.416389
24
0 0 1 2 0 0 0 2
0 3 4 5 1 2 3 1
0 1 6 2 0 0 0 2
0 5 7 8 3 2 4 1
0 6 9 2 0 0 0 2
0 8 7 10 4 2 5 1
0 9 11 2 0 0 0 2
0 10 12 13 5 2 6 1
0 11 14 2 0 0 0 2
0 13 12 15 6 2 7 1
0 14 16 2 0 0 0 2
0 15 17 18 7 2 8 1
0 16 19 2 0 0 0 2
0 18 17 20 8 2 9 1
0 19 21 2 0 0 0 2
0 20 22 23 9 2 10 1
0 21 24 2 0 0 0 2
0 23 22 25 10 2 11 1
0 24 26 2 0 0 0 2
0 25 27 28 11 2 12 1
0 26 29 2 0 0 0 2
0 28 27 30 12 2 13 1
0 29 0 2 0 0 0 2
0 30 31 32 13 2 1 1
"Duplicate19" 0 2
99
0 -0.380719 3.076923 2.010684 0.000000 0.000000 -1
0 -0.604010 3.076923 2.844017 0.000000 0.000000 -1
0 -2.047386 3.076923 2.010684 0.000000 0.000000 -1
0 -0.380719 3.076923 2.010684 0.000000 1.000000 -1
0 -2.047386 4.487179 2.010684 0.000000 0.000000 -1
0 -0.604010 3.076923 2.844017 0.083333 1.000000 -1
0 -1.214052 3.076923 3.454060 0.000000 0.000000 -1
0 -2.047386 4.487179 2.010684 0.166667 0.000000 -1
0 -1.214052 3.076923 3.454060 0.166667 1.000000 -1
0 -2.047386 3.076923 3.677351 0.000000 0.000000 -1
0 -2.047386 3.076923 3.677351 0.250000 1.000000 -1
0 -2.880719 3.076923 3.454060 0.000000 0.000000 -1
0 -2.047386 4.487179 2.010684 0.333333 0.000000 -1
0 -2.880719 3.076923 3.454060 0.333333 1.000000 -1
0 -3.490761 3.076923 2.844017 0.000000 0.000000 -1
0 -3.490761 3.076923 2.844017 0.416667 1.000000 -1
0 -3.714052 3.076923 2.010684 0.000000 0.000000 -1
0 -2.047386 4.487179 2.010684 0.500000 0.000000 -1
0 -3.714052 3.076923 2.010684 0.500000 1.000000 -1
0 -3.490761 3.076923 1.177350 0.000000 0.000000 -1
0 -3.490761 3.076923 1.177350 0.583333 1.000000 -1
0 -2.880719 3.076923 0.567308 0.000000 0.000000 -1
0 -2.047386 4.487179 2.010684 0.666667 0.000000 -1
0 -2.880719 3.076923 0.567308 0.666667 1.000000 -1
0 -2.047386 3.076923 0.344017 0.000000 0.000000 -1
0 -2.047386 3.076923 0.344017 0.750000 1.000000 -1
0 -1.214052 3.076923 0.567308 0.000000 0.000000 -1
0 -2.047386 4.487179 2.010684 0.833333 0.000000 -1
0 -1.214052 3.076923 0.567308 0.833333 1.000000 -1
0 -0.604010 3.076923 1.177350 0.000000 0.000000 -1
0 -0.604010 3.076923 1.177350 0.916667 1.000000 -1
0 -2.047386 4.487179 2.010684 1.000000 0.000000 -1
0 -0.380719 3.076923 2.010684 1.000000 1.000000 -1
0 -0.797386 4.000000 2.010684 0.000000 0.000000 -1
0 -0.964854 4.000000 2.635684 0.000000 0.000000 -1
0 -2.047386 4.000000 2.010684 0.000000 0.000000 -1
0 -0.797386 4.000000 2.010684 0.000000 1.000000 -1
0 -2.047386 5.410258 2.010684 0.000000 0.000000 -1
0 -0.964854 4.000000 2.635684 0.083333 1.000000 -1
0 -1.422386 4.000000 3.093216 0.000000 0.000000 -1
0 -2.047386 5.410258 2.010684 0.166667 0.000000 -1
0 -1.422386 4.000000 3.093216 0.166667 1.000000 -1
0 -2.047386 4.000000 3.260684 0.000000 0.000000 -1
0 -2.047386 4.000000 3.260684 0.250000 1.000000 -1
0 -2.672386 4.000000 3.093216 0.000000 0.000000 -1
0 -2.047386 5.410258 2.010684 0.333333 0.000000 -1
0 -2.672386 4.000000 3.093216 0.333333 1.000000 -1
0 -3.129918 4.000000 2.635684 0.000000 0.000000 -1
0 -3.129918 4.000000 2.635684 0.416667 1.000000 -1
0 -3.297386 4.000000 2.010684 0.000000 0.000000 -1
0 -2.047386 5.410258 2.010684 0.500000 0.000000 -1
0 -3.297386 4.000000 2.010684 0.500000 1.000000 -1
0 -3.129918 4.000000 1.385684 0.000000 0.000000 -1
0 -3.129918 4.000000 1.385684 0.583333 1.000000 -1
0 -2.672386 4.000000 0.928153 0.000000 0.000000 -1
0 -2.047386 5.410258 2.010684 0.666667 0.000000 -1
0 -2.672386 4.000000 0.928153 0.666667 1.000000 -1
0 -2.047386 4.000000 0.760684 0.000000 0.000000 -1
0 -2.047386 4.000000 0.760684 0.750000 1.000000 -1
0 -1.422386 4.000000 0.928153 0.000000 0.000000 -1
0 -2.047386 5.410258 2.010684 0.833333 0.000000 -1
0 -1.422386 4.000000 0.928153 0.833333 1.000000 -1
0 -0.964854 4.000000 1.385684 0.000000 0.000000 -1
0 -0.964854 4.000000 1.385684 0.916667 1.000000 -1
0 -2.047386 5.410258 2.010684 1.000000 0.000000 -1
0 -0.797386 4.000000 2.010684 1.000000 1.000000 -1
0 -1.109886 5.000000 2.010684 0.000000 0.000000 -1
0 -1.235487 5.000000 2.479434 0.000000 0.000000 -1
0 -2.047386 5.000000 2.010684 0.000000 0.000000 -1
0 -1.109886 5.000000 2.010684 0.000000 1.000000 -1
0 -2.047386 6.410258 2.010684 0.000000 0.000000 -1
0 -1.235487 5.000000 2.479434 0.083333 1.000000 -1
0 -1.578636 5.000000 2.822583 0.000000 0.000000 -1
0 -2.047386 6.410258 2.010684 0.166667 0.000000 -1
0 -1.578636 5.000000 2.822583 0.166667 1.000000 -1
0 -2.047386 5.000000 2.948184 0.000000 0.000000 -1
0 -2.047386 5.000000 2.948184 0.250000 1.000000 -1
0 -2.516136 5.000000 2.822583 0.000000 0.000000 -1
0 -2.047386 6.410258 2.010684 0.333333 0.000000 -1
0 -2.516136 5.000000 2.822583 0.333333 1.000000 -1
0 -2.859284 5.000000 2.479434 0.000000 0.000000 -1
0 -2.859284 5.000000 2.479434 0.416667 1.000000 -1
0 -2.984886 5.000000 2.010684 0.000000 0.000000 -1
0 -2.047386 6.410258 2.010684 0.500000 0.000000 -1
0 -2.984886 5.000000 2.010684 0.500000 1.000000 -1
0 -2.859284 5.000000 1.541934 0.000000 0.000000 -1
0 -2.859284 5.000000 1.541934 0.583333 1.000000 -1
0 -2.516136 5.000000 1.198785 0.000000 0.000000 -1
0 -2.047386 6.410258 2.010684 0.666667 0.000000 -1
0 -2.516136 5.000000 1.198785 0.666667 1.000000 -1
0 -2.047386 5.000000 1.073184 0.000000 0.000000 -1
0 -2.047386 5.000000 1.073184 0.750000 1.000000 -1
0 -1.578636 5.000000 1.198785 0.000000 0.000000 -1
0 -2.047386 6.410258 2.010684 0.833333 0.000000 -1
0 -1.578636 5.000000 1.198785 0.833333 1.000000 -1
0 -1.235487 5.000000 1.541934 0.000000 0.000000 -1
0 -1.235487 5.000000 1.541934 0.916667 1.000000 -1
0 -2.047386 6.410258 2.010684 1.000000 0.000000 -1
0 -1.109886 5.000000 2.010684 1.000000 1.000000 -1
40
0.000000 -1.000000 0.000000
0.645942 0.763386 0.000000
-0.000000 1.000000 -0.000000
0.559402 0.763386 0.322971
0.322971 0.763386 0.559402
-0.000000 0.763386 0.645942
-0.322971 0.763386 0.559402
-0.559403 0.763386 0.322971
-0.645942 0.763386 0.000000
-0.559402 0.763386 -0.322971
-0.322971 0.763386 -0.559402
-0.000000 0.763387 -0.645942
0.322971 0.763386 -0.559402
0.559402 0.763387 -0.322971
0.748347 0.663307 0.000000
-0.000000 1.000000 -0.000000
0.648088 0.663307 0.374174
0.374174 0.663307 0.648088
-0.000000 0.663307 0.748347
-0.374174 0.663307 0.648088
-0.648088 0.663307 0.374174
-0.748347 0.663307 0.000000
-0.648088 0.663307 -0.374174
-0.374174 0.663307 -0.648088
-0.000000 0.663307 -0.748347
0.374174 0.663307 -0.648088
0.648088 0.663307 -0.374174
0.832778 0.553608 0.000000
-0.000000 1.000000 0.000000
0.721207 0.553607 0.416389
0.416389 0.553607 0.721207
-0.000000 0.553607 0.832778
-0.416389 0.553607 0.721207
-0.721207 0.553607 0.416389
-0.832778 0.553607 0.000000
-0.721207 0.553607 -0.416389
-0.416389 0.553607 -0.721207
-0.000000 0.553608 -0.832778
0.416389 0.553608 -0.721207
0.721207 0.553608 -0.416389
72
0 0 1 2 0 0 0 2
0 3 4 5 1 2 3 1
0 1 6 2 0 0 0 2
0 5 7 8 3 2 4 1
0 6 9 2 0 0 0 2
0 8 7 10 4 2 5 1
0 9 11 2 0 0 0 2
0 10 12 13 5 2 6 1
0 11 14 2 0 0 0 2
0 13 12 15 6 2 7 1
0 14 16 2 0 0 0 2
0 15 17 18 7 2 8 1
0 16 19 2 0 0 0 2
0 18 17 20 8 2 9 1
0 19 21 2 0 0 0 2
0 20 22 23 9 2 10 1
0 21 24 2 0 0 0 2
0 23 22 25 10 2 11 1
0 24 26 2 0 0 0 2
0 25 27 28 11 2 12 1
0 26 29 2 0 0 0 2
0 28 27 30 12 2 13 1
0 29 0 2 0 0 0 2
0 30 31 32 13 2 1 1
0 33 34 35 0 0 0 2
0 36 37 38 14 15 16 1
0 34 39 35 0 0 0 2
0 38 40 41 16 15 17 1
0 39 42 35 0 0 0 2
0 41 40 43 17 15 18 1
0 42 44 35 0 0 0 2
0 43 45 46 18 15 19 1
0 44 47 35 0 0 0 2
0 46 45 48 19 15 20 1
0 47 49 35 0 0 0 2
0 48 50 51 20 15 21 1
0 49 52 35 0 0 0 2
0 51 50 53 21 15 22 1
0 52 54 35 0 0 0 2
0 53 55 56 22 15 23 1
0 54 57 35 0 0 0 2
0 56 55 58 23 15 24 1
0 57 59 35 0 0 0 2
0 58 60 61 24 15 25 1
0 59 62 35 0 0 0 2
0 61 60 63 25 15 26 1
0 62 33 35 0 0 0 2
0 63 64 65 26 15 14 1
0 66 67 68 0 0 0 2
0 69 70 71 27 28 29 1
0 67 72 68 0 0 0 2
0 71 73 74 29 28 30 1
0 72 75 68 0 0 0 2
0 74 73 76 30 28 31 1
0 75 77 68 0 0 0 2
0 76 78 79 31 28 32 1
0 77 80 68 0 0 0 2
0 79 78 81 32 28 33 1
0 80 82 68 0 0 0 2
0 81 83 84 33 28 34 1
0 82 85 68 0 0 0 2
0 84 83 86 34 28 35 1
0 85 87 68 0 0 0 2
0 86 88 89 35 28 36 1
0 87 90 68 0 0 0 2
0 89 88 91 36 28 37 1
0 90 92 68 0 0 0 2
0 91 93 94 37 28 38 1
0 92 95 68 0 0 0 2
0 94 93 96 38 28 39 1
0 95 66 68 0 0 0 2
0 96 97 98 39 28 27 1
"Duplicate20" 0 2
99
0 3.674836 3.076923 2.010684 0.000000 0.000000 -1
0 3.451545 3.076923 2.844017 0.000000 0.000000 -1
0 2.008170 3.076923 2.010684 0.000000 0.000000 -1
0 3.674836 3.076923 2.010684 0.000000 1.000000 -1
0 2.008170 4.487179 2.010684 0.000000 0.000000 -1
0 3.451545 3.076923 2.844017 0.083333 1.000000 -1
0 2.841503 3.076923 3.454060 0.000000 0.000000 -1
0 2.008170 4.487179 2.010684 0.166667 0.000000 -1
0 2.841503 3.076923 3.454060 0.166667 1.000000 -1
0 2.008170 3.076923 3.677350 0.000000 0.000000 -1
0 2.008170 3.076923 3.677350 0.250000 1.000000 -1
0 1.174836 3.076923 3.454060 0.000000 0.000000 -1
0 2.008170 4.487179 2.010684 0.333333 0.000000 -1
0 1.174836 3.076923 3.454060 0.333333 1.000000 -1
0 0.564794 3.076923 2.844017 0.000000 0.000000 -1
0 0.564794 3.076923 2.844017 0.416667 1.000000 -1
0 0.341503 3.076923 2.010684 0.000000 0.000000 -1
0 2.008170 4.487179 2.010684 0.500000 0.000000 -1
0 0.341503 3.076923 2.010684 0.500000 1.000000 -1
0 0.564794 3.076923 1.177350 0.000000 0.000000 -1
0 0.564794 3.076923 1.177350 0.583333 1.000000 -1
0 1.174836 3.076923 0.567308 0.000000 0.000000 -1
0 2.008170 4.487179 2.010684 0.666667 0.000000 -1
0 1.174836 3.076923 0.567308 0.666667 1.000000 -1
0 2.008170 3.076923 0.344017 0.000000 0.000000 -1
0 2.008170 3.076923 0.344017 0.750000 1.000000 -1
0 2.841503 3.076923 0.567308 0.000000 0.000000 -1
0 2.008170 4.487179 2.010684 0.833333 0.000000 -1
0 2.841503 3.076923 0.567308 0.833333 1.000000 -1
0 3.451545 3.076923 1.177350 0.000000 0.000000 -1
0 3.451545 3.076923 1.177350 0.916667 1.000000 -1
0 2.008170 4.487179 2.010684 1.000000 0.000000 -1
0 3.674836 3.076923 2.010684 1.000000 1.000000 -1
0 3.258170 4.000000 2.010684 0.000000 0.000000 -1
0 3.090702 4.000000 2.635684 0.000000 0.000000 -1
0 2.008170 4.000000 2.010684 0.000000 0.000000 -1
0 3.258170 4.000000 2.010684 0.000000 1.000000 -1
0 2.008170 5.410258 2.010684 0.000000 0.000000 -1
0 3.090702 4.000000 2.635684 0.083333 1.000000 -1
0 2.633170 4.000000 3.093215 0.000000 0.000000 -1
0 2.008170 5.410258 2.010684 0.166667 0.000000 -1
0 2.633170 4.000000 3.093215 0.166667 1.000000 -1
0 2.008170 4.000000 3.260684 0.000000 0.000000 -1
0 2.008170 4.000000 3.260684 0.250000 1.000000 -1
0 1.383170 4.000000 3.093215 0.000000 0.000000 -1
0 2.008170 5.410258 2.010684 0.333333 0.000000 -1
0 1.383170 4.000000 3.093215 0.333333 1.000000 -1
0 0.925638 4.000000 2.635684 0.000000 0.000000 -1
0 0.925638 4.000000 2.635684 0.416667 1.000000 -1
0 0.758170 4.000000 2.010684 0.000000 0.000000 -1
0 2.008170 5.410258 2.010684 0.500000 0.000000 -1
0 0.758170 4.000000 2.010684 0.500000 1.000000 -1
0 0.925638 4.000000 1.385684 0.000000 0.000000 -1
0 0.925638 4.000000 1.385684 0.583333 1.000000 -1
0 1.383170 4.000000 0.928153 0.000000 0.000000 -1
0 2.008170 5.410258 2.010684 0.666667 0.000000 -1
0 1.383170 4.000000 0.928153 0.666667 1.000000 -1
0 2.008170 4.000000 0.760684 0.000000 0.000000 -1
0 2.008170 4.000000 0.760684 0.750000 1.000000 -1
0 2.633170 4.000000 0.928153 0.000000 0.000000 -1
0 2.008170 5.410258 2.010684 0.833333 0.000000 -1
0 2.633170 4.000000 0.928153 0.833333 1.000000 -1
0 3.090702 4.000000 1.385684 0.000000 0.000000 -1
0 3.090702 4.000000 1.385684 0.916667 1.000000 -1
0 2.008170 5.410258 2.010684 1.000000 0.000000 -1
0 3.258170 4.000000 2.010684 1.000000 1.000000 -1
0 2.945670 5.000000 2.010684 0.000000 0.000000 -1
0 2.820069 5.000000 2.479434 0.000000 0.000000 -1
0 2.008170 5.000000 2.010684 0.000000 0.000000 -1
0 2.945670 5.000000 2.010684 0.000000 1.000000 -1
0 2.008170 6.410258 2.010684 0.000000 0.000000 -1
0 2.820069 5.000000 2.479434 0.083333 1.000000 -1
0 2.476920 5.000000 2.822583 0.000000 0.000000 -1
0 2.008170 6.410258 2.010684 0.166667 0.000000 -1
0 2.476920 5.000000 2.822583 0.166667 1.000000 -1
0 2.008170 5.000000 2.948184 0.000000 0.000000 -1
0 2.008170 5.000000 2.948184 0.250000 1.000000 -1
0 1.539420 5.000000 2.822583 0.000000 0.000000 -1
0 2.008170 6.410258 2.010684 0.333333 0.000000 -1
0 1.539420 5.000000 2.822583 0.333333 1.000000 -1
0 1.196271 5.000000 2.479434 0.000000 0.000000 -1
0 1.196271 5.000000 2.479434 0.416667 1.000000 -1
0 1.070670 5.000000 2.010684 0.000000 0.000000 -1
0 2.008170 6.410258 2.010684 0.500000 0.000000 -1
0 1.070670 5.000000 2.010684 0.500000 1.000000 -1
0 1.196271 5.000000 1.541934 0.000000 0.000000 -1
0 1.196271 5.000000 1.541934 0.583333 1.000000 -1
0 1.539420 5.000000 1.198785 0.000000 0.000000 -1
0 2.008170 6.410258 2.010684 0.666667 0.000000 -1
0 1.539420 5.000000 1.198785 0.666667 1.000000 -1
0 2.008170 5.000000 1.073184 0.000000 0.000000 -1
0 2.008170 5.000000 1.073184 0.750000 1.000000 -1
0 2.476920 5.000000 1.198785 0.000000 0.000000 -1
0 2.008170 6.410258 2.010684 0.833333 0.000000 -1
0 2.476920 5.000000 1.198785 0.833333 1.000000 -1
0 2.820069 5.000000 1.541934 0.000000 0.000000 -1
0 2.820069 5.000000 1.541934 0.916667 1.000000 -1
0 2.008170 6.410258 2.010684 1.000000 0.000000 -1
0 2.945670 5.000000 2.010684 1.000000 1.000000 -1
40
0.000000 -1.000000 0.000000
0.645942 0.763386 0.000000
-0.000000 1.000000 0.000000
0.559402 0.763386 0.322971
0.322971 0.763386 0.559402
-0.000000 0.763386 0.645942
-0.322971 0.763386 0.559402
-0.559402 0.763386 0.322971
-0.645942 0.763386 0.000000
-0.559402 0.763386 -0.322971
-0.322971 0.763386 -0.559402
-0.000000 0.763386 -0.645942
0.322971 0.763386 -0.559402
0.559402 0.763386 -0.322971
0.748347 0.663307 0.000000
-0.000000 1.000000 -0.000000
0.648088 0.663307 0.374174
0.374174 0.663307 0.648088
-0.000000 0.663307 0.748347
-0.374174 0.663307 0.648088
-0.648088 0.663307 0.374174
-0.748347 0.663307 0.000000
-0.648088 0.663307 -0.374174
-0.374174 0.663307 -0.648088
-0.000000 0.663307 -0.748347
0.374174 0.663307 -0.648088
0.648088 0.663307 -0.374174
0.832778 0.553608 0.000000
-0.000000 1.000000 0.000000
0.721207 0.553607 0.416389
0.416389 0.553607 0.721207
-0.000000 0.553607 0.832778
-0.416389 0.553607 0.721207
-0.721207 0.553607 0.416389
-0.832778 0.553607 0.000000
-0.721207 0.553607 -0.416389
-0.416389 0.553607 -0.721207
-0.000000 0.553607 -0.832778
0.416389 0.553607 -0.721207
0.721207 0.553608 -0.416389
72
0 0 1 2 0 0 0 2
0 3 4 5 1 2 3 1
0 1 6 2 0 0 0 2
0 5 7 8 3 2 4 1
0 6 9 2 0 0 0 2
0 8 7 10 4 2 5 1
0 9 11 2 0 0 0 2
0 10 12 13 5 2 6 1
0 11 14 2 0 0 0 2
0 13 12 15 6 2 7 1
0 14 16 2 0 0 0 2
0 15 17 18 7 2 8 1
0 16 19 2 0 0 0 2
0 18 17 20 8 2 9 1
0 19 21 2 0 0 0 2
0 20 22 23 9 2 10 1
0 21 24 2 0 0 0 2
0 23 22 25 10 2 11 1
0 24 26 2 0 0 0 2
0 25 27 28 11 2 12 1
0 26 29 2 0 0 0 2
0 28 27 30 12 2 13 1
0 29 0 2 0 0 0 2
0 30 31 32 13 2 1 1
0 33 34 35 0 0 0 2
0 36 37 38 14 15 16 1
0 34 39 35 0 0 0 2
0 38 40 41 16 15 17 1
0 39 42 35 0 0 0 2
0 41 40 43 17 15 18 1
0 42 44 35 0 0 0 2
0 43 45 46 18 15 19 1
0 44 47 35 0 0 0 2
0 46 45 48 19 15 20 1
0 47 49 35 0 0 0 2
0 48 50 51 20 15 21 1
0 49 52 35 0 0 0 2
0 51 50 53 21 15 22 1
0 52 54 35 0 0 0 2
0 53 55 56 22 15 23 1
0 54 57 35 0 0 0 2
0 56 55 58 23 15 24 1
0 57 59 35 0 0 0 2
0 58 60 61 24 15 25 1
0 59 62 35 0 0 0 2
0 61 60 63 25 15 26 1
0 62 33 35 0 0 0 2
0 63 64 65 26 15 14 1
0 66 67 68 0 0 0 2
0 69 70 71 27 28 29 1
0 67 72 68 0 0 0 2
0 71 73 74 29 28 30 1
0 72 75 68 0 0 0 2
0 74 73 76 30 28 31 1
0 75 77 68 0 0 0 2
0 76 78 79 31 28 32 1
0 77 80 68 0 0 0 2
0 79 78 81 32 28 33 1
0 80 82 68 0 0 0 2
0 81 83 84 33 28 34 1
0 82 85 68 0 0 0 2
0 84 83 86 34 28 35 1
0 85 87 68 0 0 0 2
0 86 88 89 35 28 36 1
0 87 90 68 0 0 0 2
0 89 88 91 36 28 37 1
0 90 92 68 0 0 0 2
0 91 93 94 37 28 38 1
0 92 95 68 0 0 0 2
0 94 93 96 38 28 39 1
0 95 66 68 0 0 0 2
0 96 97 98 39 28 27 1
"Duplicate21" 0 2
99
0 3.674837 3.076923 -1.989316 0.000000 0.000000 -1
0 3.451546 3.076923 -1.155983 0.000000 0.000000 -1
0 2.008170 3.076923 -1.989316 0.000000 0.000000 -1
0 3.674837 3.076923 -1.989316 0.000000 1.000000 -1
0 2.008170 4.487179 -1.989316 0.000000 0.000000 -1
0 3.451546 3.076923 -1.155983 0.083333 1.000000 -1
0 2.841504 3.076923 -0.545941 0.000000 0.000000 -1
0 2.008170 4.487179 -1.989316 0.166667 0.000000 -1
0 2.841504 3.076923 -0.545941 0.166667 1.000000 -1
0 2.008170 3.076923 -0.322650 0.000000 0.000000 -1
0 2.008170 3.076923 -0.322650 0.250000 1.000000 -1
0 1.174836 3.076923 -0.545941 0.000000 0.000000 -1
0 2.008170 4.487179 -1.989316 0.333333 0.000000 -1
0 1.174836 3.076923 -0.545941 0.333333 1.000000 -1
0 0.564794 3.076923 -1.155983 0.000000 0.000000 -1
0 0.564794 3.076923 -1.155983 0.416667 1.000000 -1
0 0.341503 3.076923 -1.989316 0.000000 0.000000 -1
0 2.008170 4.487179 -1.989316 0.500000 0.000000 -1
0 0.341503 3.076923 -1.989316 0.500000 1.000000 -1
0 0.564794 3.076923 -2.822650 0.000000 0.000000 -1
0 0.564794 3.076923 -2.822650 0.583333 1.000000 -1
0 1.174836 3.076923 -3.432692 0.000000 0.000000 -1
0 2.008170 4.487179 -1.989316 0.666667 0.000000 -1
0 1.174836 3.076923 -3.432692 0.666667 1.000000 -1
0 2.008170 3.076923 -3.655983 0.000000 0.000000 -1
0 2.008170 3.076923 -3.655983 0.750000 1.000000 -1
0 2.841504 3.076923 -3.432692 0.000000 0.000000 -1
0 2.008170 4.487179 -1.989316 0.833333 0.000000 -1
0 2.841504 3.076923 -3.432692 0.833333 1.000000 -1
0 3.451546 3.076923 -2.822650 0.000000 0.000000 -1
0 3.451546 3.076923 -2.822650 0.916667 1.000000 -1
0 2.008170 4.487179 -1.989316 1.000000 0.000000 -1
0 3.674837 3.076923 -1.989316 1.000000 1.000000 -1
0 3.258170 4.000000 -1.989316 0.000000 0.000000 -1
0 3.090702 4.000000 -1.364317 0.000000 0.000000 -1
0 2.008170 4.000000 -1.989316 0.000000 0.000000 -1
0 3.258170 4.000000 -1.989316 0.000000 1.000000 -1
0 2.008170 5.410258 -1.989316 0.000000 0.000000 -1
0 3.090702 4.000000 -1.364317 0.083333 1.000000 -1
0 2.633170 4.000000 -0.906785 0.000000 0.000000 -1
0 2.008170 5.410258 -1.989316 0.166667 0.000000 -1
0 2.633170 4.000000 -0.906785 0.166667 1.000000 -1
0 2.008170 4.000000 -0.739316 0.000000 0.000000 -1
0 2.008170 4.000000 -0.739316 0.250000 1.000000 -1
0 1.383170 4.000000 -0.906785 0.000000 0.000000 -1
0 2.008170 5.410258 -1.989316 0.333333 0.000000 -1
0 1.383170 4.000000 -0.906785 0.333333 1.000000 -1
0 0.925638 4.000000 -1.364317 0.000000 0.000000 -1
0 0.925638 4.000000 -1.364317 0.416667 1.000000 -1
0 0.758170 4.000000 -1.989316 0.000000 0.000000 -1
0 2.008170 5.410258 -1.989316 0.500000 0.000000 -1
0 0.758170 4.000000 -1.989316 0.500000 1.000000 -1
0 0.925638 4.000000 -2.614316 0.000000 0.000000 -1
0 0.925638 4.000000 -2.614316 0.583333 1.000000 -1
0 1.383170 4.000000 -3.071847 0.000000 0.000000 -1
0 2.008170 5.410258 -1.989316 0.666667 0.000000 -1
0 1.383170 4.000000 -3.071847 0.666667 1.000000 -1
0 2.008170 4.000000 -3.239316 0.000000 0.000000 -1
0 2.008170 4.000000 -3.239316 0.750000 1.000000 -1
0 2.633170 4.000000 -3.071847 0.000000 0.000000 -1
0 2.008170 5.410258 -1.989316 0.833333 0.000000 -1
0 2.633170 4.000000 -3.071847 0.833333 1.000000 -1
0 3.090702 4.000000 -2.614316 0.000000 0.000000 -1
0 3.090702 4.000000 -2.614316 0.916667 1.000000 -1
0 2.008170 5.410258 -1.989316 1.000000 0.000000 -1
0 3.258170 4.000000 -1.989316 1.000000 1.000000 -1
0 2.945670 5.000000 -1.989316 0.000000 0.000000 -1
0 2.820069 5.000000 -1.520566 0.000000 0.000000 -1
0 2.008170 5.000000 -1.989316 0.000000 0.000000 -1
0 2.945670 5.000000 -1.989316 0.000000 1.000000 -1
0 2.008170 6.410258 -1.989316 0.000000 0.000000 -1
0 2.820069 5.000000 -1.520566 0.083333 1.000000 -1
0 2.476920 5.000000 -1.177418 0.000000 0.000000 -1
0 2.008170 6.410258 -1.989316 0.166667 0.000000 -1
0 2.476920 5.000000 -1.177418 0.166667 1.000000 -1
0 2.008170 5.000000 -1.051817 0.000000 0.000000 -1
0 2.008170 5.000000 -1.051817 0.250000 1.000000 -1
0 1.539420 5.000000 -1.177418 0.000000 0.000000 -1
0 2.008170 6.410258 -1.989316 0.333333 0.000000 -1
0 1.539420 5.000000 -1.177418 0.333333 1.000000 -1
0 1.196271 5.000000 -1.520566 0.000000 0.000000 -1
0 1.196271 5.000000 -1.520566 0.416667 1.000000 -1
0 1.070670 5.000000 -1.989316 0.000000 0.000000 -1
0 2.008170 6.410258 -1.989316 0.500000 0.000000 -1
0 1.070670 5.000000 -1.989316 0.500000 1.000000 -1
0 1.196271 5.000000 -2.458066 0.000000 0.000000 -1
0 1.196271 5.000000 -2.458066 0.583333 1.000000 -1
0 1.539420 5.000000 -2.801215 0.000000 0.000000 -1
0 2.008170 6.410258 -1.989316 0.666667 0.000000 -1
0 1.539420 5.000000 -2.801215 0.666667 1.000000 -1
0 2.008170 5.000000 -2.926816 0.000000 0.000000 -1
0 2.008170 5.000000 -2.926816 0.750000 1.000000 -1
0 2.476920 5.000000 -2.801215 0.000000 0.000000 -1
0 2.008170 6.410258 -1.989316 0.833333 0.000000 -1
0 2.476920 5.000000 -2.801215 0.833333 1.000000 -1
0 2.820069 5.000000 -2.458066 0.000000 0.000000 -1
0 2.820069 5.000000 -2.458066 0.916667 1.000000 -1
0 2.008170 6.410258 -1.989316 1.000000 0.000000 -1
0 2.945670 5.000000 -1.989316 1.000000 1.000000 -1
40
0.000000 -1.000000 0.000000
0.645942 0.763386 0.000000
-0.000000 1.000000 0.000000
0.559402 0.763386 0.322971
0.322971 0.763386 0.559402
-0.000000 0.763386 0.645942
-0.322971 0.763386 0.559402
-0.559402 0.763386 0.322971
-0.645942 0.763386 0.000000
-0.559402 0.763386 -0.322971
-0.322971 0.763386 -0.559402
-0.000000 0.763386 -0.645942
0.322971 0.763386 -0.559402
0.559402 0.763387 -0.322971
0.748347 0.663307 0.000000
-0.000000 1.000000 -0.000000
0.648088 0.663307 0.374174
0.374174 0.663307 0.648088
-0.000000 0.663307 0.748347
-0.374174 0.663307 0.648088
-0.648088 0.663307 0.374174
-0.748347 0.663307 0.000000
-0.648088 0.663307 -0.374174
-0.374173 0.663307 -0.648088
-0.000000 0.663307 -0.748347
0.374173 0.663307 -0.648088
0.648088 0.663307 -0.374174
0.832778 0.553608 0.000000
-0.000000 1.000000 0.000000
0.721207 0.553608 0.416389
0.416388 0.553607 0.721207
-0.000000 0.553607 0.832778
-0.416389 0.553607 0.721207
-0.721207 0.553607 0.416389
-0.832778 0.553607 0.000000
-0.721207 0.553607 -0.416389
-0.416389 0.553607 -0.721207
-0.000000 0.553607 -0.832778
0.416389 0.553607 -0.721207
0.721207 0.553608 -0.416389
72
0 0 1 2 0 0 0 2
0 3 4 5 1 2 3 1
0 1 6 2 0 0 0 2
0 5 7 8 3 2 4 1
0 6 9 2 0 0 0 2
0 8 7 10 4 2 5 1
0 9 11 2 0 0 0 2
0 10 12 13 5 2 6 1
0 11 14 2 0 0 0 2
0 13 12 15 6 2 7 1
0 14 16 2 0 0 0 2
0 15 17 18 7 2 8 1
0 16 19 2 0 0 0 2
0 18 17 20 8 2 9 1
0 19 21 2 0 0 0 2
0 20 22 23 9 2 10 1
0 21 24 2 0 0 0 2
0 23 22 25 10 2 11 1
0 24 26 2 0 0 0 2
0 25 27 28 11 2 12 1
0 26 29 2 0 0 0 2
0 28 27 30 12 2 13 1
0 29 0 2 0 0 0 2
0 30 31 32 13 2 1 1
0 33 34 35 0 0 0 2
0 36 37 38 14 15 16 1
0 34 39 35 0 0 0 2
0 38 40 41 16 15 17 1
0 39 42 35 0 0 0 2
0 41 40 43 17 15 18 1
0 42 44 35 0 0 0 2
0 43 45 46 18 15 19 1
0 44 47 35 0 0 0 2
0 46 45 48 19 15 20 1
0 47 49 35 0 0 0 2
0 48 50 51 20 15 21 1
0 49 52 35 0 0 0 2
0 51 50 53 21 15 22 1
0 52 54 35 0 0 0 2
0 53 55 56 22 15 23 1
0 54 57 35 0 0 0 2
0 56 55 58 23 15 24 1
0 57 59 35 0 0 0 2
0 58 60 61 24 15 25 1
0 59 62 35 0 0 0 2
0 61 60 63 25 15 26 1
0 62 33 35 0 0 0 2
0 63 64 65 26 15 14 1
0 66 67 68 0 0 0 2
0 69 70 71 27 28 29 1
0 67 72 68 0 0 0 2
0 71 73 74 29 28 30 1
0 72 75 68 0 0 0 2
0 74 73 76 30 28 31 1
0 75 77 68 0 0 0 2
0 76 78 79 31 28 32 1
0 77 80 68 0 0 0 2
0 79 78 81 32 28 33 1
0 80 82 68 0 0 0 2
0 81 83 84 33 28 34 1
0 82 85 68 0 0 0 2
0 84 83 86 34 28 35 1
0 85 87 68 0 0 0 2
0 86 88 89 35 28 36 1
0 87 90 68 0 0 0 2
0 89 88 91 36 28 37 1
0 90 92 68 0 0 0 2
0 91 93 94 37 28 38 1
0 92 95 68 0 0 0 2
0 94 93 96 38 28 39 1
0 95 66 68 0 0 0 2
0 96 97 98 39 28 27 1

Materials: 3
"ground"
0.000000 0.501961 0.000000 1.000000
0.000000 0.501961 0.000000 1.000000
1.000000 1.000000 1.000000 1.000000
0.000000 0.000000 0.000000 1.000000
1.000000
1.000000
""
""
"trunk"
0.501961 0.000000 0.000000 1.000000
0.501961 0.000000 0.000000 1.000000
1.000000 1.000000 1.000000 1.000000
0.000000 0.000000 0.000000 1.000000
1.000000
1.000000
""
""
"leaves"
0.000000 1.000000 0.000000 1.000000
0.000000 1.000000 0.000000 1.000000
1.000000 1.000000 1.000000 1.000000
0.000000 0.000000 0.000000 1.000000
1.000000
1.000000
""
""

Bones: 0
GroupComments: 0
MaterialComments: 0
BoneComments: 0
ModelComment: 0
