// MilkShape 3D ASCII

Frames: 30
Frame: 1

Meshes: 2
"Box29" 0 0
20
0 -4.000000 1.000000 4.000000 0.000000 0.000000 -1
0 -4.000000 0.000000 4.000000 0.000000 1.000000 -1
0 4.000000 1.000000 4.000000 1.000000 0.000000 -1
0 4.000000 0.000000 4.000000 1.000000 1.000000 -1
0 4.000000 1.000000 4.000000 0.000000 0.000000 -1
0 4.000000 0.000000 4.000000 0.000000 1.000000 -1
0 4.000000 1.000000 -4.000000 1.000000 0.000000 -1
0 4.000000 0.000000 -4.000000 1.000000 1.000000 -1
0 4.000000 1.000000 -4.000000 0.000000 0.000000 -1
0 4.000000 0.000000 -4.000000 0.000000 1.000000 -1
0 -4.000000 1.000000 -4.000000 1.000000 0.000000 -1
0 -4.000000 0.000000 -4.000000 1.000000 1.000000 -1
0 -4.000000 1.000000 -4.000000 0.000000 0.000000 -1
0 -4.000000 0.000000 -4.000000 0.000000 1.000000 -1
0 -4.000000 1.000000 4.000000 1.000000 0.000000 -1
0 -4.000000 0.000000 4.000000 1.000000 1.000000 -1
0 -4.000000 1.000000 4.000000 0.000000 1.000000 -1
0 4.000000 1.000000 4.000000 1.000000 1.000000 -1
0 -4.000000 0.000000 4.000000 0.000000 0.000000 -1
0 4.000000 0.000000 4.000000 1.000000 0.000000 -1
6
0.000000 0.000000 1.000000
1.000000 0.000000 0.000000
0.000000 0.000000 -1.000000
-1.000000 0.000000 0.000000
0.000000 1.000000 0.000000
0.000000 -1.000000 0.000000
12
0 0 1 2 0 0 0 1
0 1 3 2 0 0 0 1
0 4 5 6 1 1 1 2
0 5 7 6 1 1 1 2
0 8 9 10 2 2 2 1
0 9 11 10 2 2 2 1
0 12 13 14 3 3 3 2
0 13 15 14 3 3 3 2
0 12 16 6 4 4 4 3
0 16 17 6 4 4 4 3
0 18 13 19 5 5 5 3
0 13 7 19 5 5 5 3
"Cylinder16" 1 1
33
1 3.971429 1.000000 -0.057143 0.000000 0.000000 -1
1 3.437444 1.000000 1.935714 0.000000 0.000000 -1
1 -0.014286 1.000000 -0.057143 0.000000 0.000000 -1
1 3.971429 1.000000 -0.057143 0.000000 1.000000 -1
1 -0.014286 6.914286 -0.057143 0.000000 0.000000 -1
1 3.437444 1.000000 1.935714 0.083333 1.000000 -1
1 1.978572 1.000000 3.394587 0.000000 0.000000 -1
1 -0.014286 6.914286 -0.057143 0.166667 0.000000 -1
1 1.978572 1.000000 3.394587 0.166667 1.000000 -1
1 -0.014286 1.000000 3.928571 0.000000 0.000000 -1
1 -0.014286 1.000000 3.928571 0.250000 1.000000 -1
1 -2.007143 1.000000 3.394587 0.000000 0.000000 -1
1 -0.014286 6.914286 -0.057143 0.333333 0.000000 -1
1 -2.007143 1.000000 3.394587 0.333333 1.000000 -1
1 -3.466015 1.000000 1.935714 0.000000 0.000000 -1
1 -3.466015 1.000000 1.935714 0.416667 1.000000 -1
1 -4.000000 1.000000 -0.057143 0.000000 0.000000 -1
1 -0.014286 6.914286 -0.057143 0.500000 0.000000 -1
1 -4.000000 1.000000 -0.057143 0.500000 1.000000 -1
1 -3.466015 1.000000 -2.050000 0.000000 0.000000 -1
1 -3.466015 1.000000 -2.050000 0.583333 1.000000 -1
1 -2.007143 1.000000 -3.508873 0.000000 0.000000 -1
1 -0.014286 6.914286 -0.057143 0.666667 0.000000 -1
1 -2.007143 1.000000 -3.508873 0.666667 1.000000 -1
1 -0.014286 1.000000 -4.042857 0.000000 0.000000 -1
1 -0.014286 1.000000 -4.042857 0.750000 1.000000 -1
1 1.978572 1.000000 -3.508873 0.000000 0.000000 -1
1 -0.014286 6.914286 -0.057143 0.833333 0.000000 -1
1 1.978572 1.000000 -3.508873 0.833333 1.000000 -1
1 3.437444 1.000000 -2.050000 0.000000 0.000000 -1
1 3.437444 1.000000 -2.050000 0.916667 1.000000 -1
1 -0.014286 6.914286 -0.057143 1.000000 0.000000 -1
1 3.971429 1.000000 -0.057143 1.000000 1.000000 -1
14
0.000000 -1.000000 0.000000
0.829266 0.558854 0.000000
0.000000 1.000000 -0.000000
0.718166 0.558854 0.414633
0.414633 0.558854 0.718166
0.000000 0.558854 0.829266
-0.414633 0.558854 0.718166
-0.718166 0.558854 0.414633
-0.829266 0.558854 0.000000
-0.718166 0.558854 -0.414633
-0.414633 0.558853 -0.718166
0.000000 0.558854 -0.829266
0.414633 0.558853 -0.718166
0.718166 0.558854 -0.414633
24
1 0 1 2 0 0 0 2
1 3 4 5 1 2 3 1
1 1 6 2 0 0 0 2
1 5 7 8 3 2 4 1
1 6 9 2 0 0 0 2
1 8 7 10 4 2 5 1
1 9 11 2 0 0 0 2
1 10 12 13 5 2 6 1
1 11 14 2 0 0 0 2
1 13 12 15 6 2 7 1
1 14 16 2 0 0 0 2
1 15 17 18 7 2 8 1
1 16 19 2 0 0 0 2
1 18 17 20 8 2 9 1
1 19 21 2 0 0 0 2
1 20 22 23 9 2 10 1
1 21 24 2 0 0 0 2
1 23 22 25 10 2 11 1
1 24 26 2 0 0 0 2
1 25 27 28 11 2 12 1
1 26 29 2 0 0 0 2
1 28 27 30 12 2 13 1
1 29 0 2 0 0 0 2
1 30 31 32 13 2 1 1

Materials: 2
"ground"
0.000000 0.501961 0.000000 1.000000
0.000000 0.501961 0.000000 1.000000
1.000000 1.000000 1.000000 1.000000
0.000000 0.000000 0.000000 1.000000
1.000000
1.000000
""
""
"rock"
0.501961 0.501961 0.501961 1.000000
0.501961 0.501961 0.501961 1.000000
1.000000 1.000000 1.000000 1.000000
0.000000 0.000000 0.000000 1.000000
1.000000
1.000000
""
""

Bones: 0
GroupComments: 0
MaterialComments: 0
BoneComments: 0
ModelComment: 0
