// MilkShape 3D ASCII

Frames: 1
Frame: 1

Meshes: 6
"Box09" 1 0
20
1 -1.000000 2.999999 2.000000 0.000000 0.000000 -1
1 -1.000000 1.000000 2.000000 0.000000 1.000000 -1
1 1.000000 2.999999 2.000000 1.000000 0.000000 -1
1 1.000000 1.000000 2.000000 1.000000 1.000000 -1
1 1.000000 2.999999 2.000000 0.000000 0.000000 -1
1 1.000000 1.000000 2.000000 0.000000 1.000000 -1
1 1.000000 2.999999 -2.000000 1.000000 0.000000 -1
1 1.000000 1.000000 -2.000000 1.000000 1.000000 -1
1 1.000000 2.999999 -2.000000 0.000000 0.000000 -1
1 1.000000 1.000000 -2.000000 0.000000 1.000000 -1
1 -1.000000 2.999999 -2.000000 1.000000 0.000000 -1
1 -1.000000 1.000000 -2.000000 1.000000 1.000000 -1
1 -1.000000 2.999999 -2.000000 0.000000 0.000000 -1
1 -1.000000 1.000000 -2.000000 0.000000 1.000000 -1
1 -1.000000 2.999999 2.000000 1.000000 0.000000 -1
1 -1.000000 1.000000 2.000000 1.000000 1.000000 -1
1 -1.000000 2.999999 2.000000 0.000000 1.000000 -1
1 1.000000 2.999999 2.000000 1.000000 1.000000 -1
1 -1.000000 1.000000 2.000000 0.000000 0.000000 -1
1 1.000000 1.000000 2.000000 1.000000 0.000000 -1
6
0.000000 0.000000 1.000000
1.000000 0.000000 0.000000
0.000000 0.000000 -1.000000
-1.000000 0.000000 0.000000
0.000000 1.000000 0.000000
0.000000 -1.000000 0.000000
12
1 0 1 2 0 0 0 1
1 1 3 2 0 0 0 1
1 4 5 6 1 1 1 2
1 5 7 6 1 1 1 2
1 8 9 10 2 2 2 1
1 9 11 10 2 2 2 1
1 12 13 14 3 3 3 2
1 13 15 14 3 3 3 2
1 12 16 6 4 4 4 3
1 16 17 6 4 4 4 3
1 18 13 19 5 5 5 3
1 13 7 19 5 5 5 3
"Box10" 1 0
20
1 -0.363339 3.773912 4.029493 0.000000 0.000000 -1
1 -0.363339 3.030433 4.029493 0.000000 1.000000 -1
1 0.308405 3.773912 4.029493 1.000000 0.000000 -1
1 0.308405 3.030433 4.029493 1.000000 1.000000 -1
1 0.308405 3.773912 4.029493 0.000000 0.000000 -1
1 0.308405 3.030433 4.029493 0.000000 1.000000 -1
1 0.356738 3.773912 0.052174 1.000000 0.000000 -1
1 0.356738 3.030433 0.052174 1.000000 1.000000 -1
1 0.356738 3.773912 0.052174 0.000000 0.000000 -1
1 0.356738 3.030433 0.052174 0.000000 1.000000 -1
1 -0.315006 3.773912 0.052174 1.000000 0.000000 -1
1 -0.315006 3.030433 0.052174 1.000000 1.000000 -1
1 -0.315006 3.773912 0.052174 0.000000 0.000000 -1
1 -0.315006 3.030433 0.052174 0.000000 1.000000 -1
1 -0.363339 3.773912 4.029493 1.000000 0.000000 -1
1 -0.363339 3.030433 4.029493 1.000000 1.000000 -1
1 -0.363339 3.773912 4.029493 0.000000 1.000000 -1
1 0.308405 3.773912 4.029493 1.000000 1.000000 -1
1 -0.363339 3.030433 4.029493 0.000000 0.000000 -1
1 0.308405 3.030433 4.029493 1.000000 0.000000 -1
6
0.000000 0.000000 1.000000
0.999926 0.000000 0.012151
0.000000 0.000000 -1.000000
-0.999926 0.000000 -0.012151
0.000000 1.000000 0.000000
0.000000 -1.000000 0.000000
12
1 0 1 2 0 0 0 1
1 1 3 2 0 0 0 1
1 4 5 6 1 1 1 2
1 5 7 6 1 1 1 2
1 8 9 10 2 2 2 1
1 9 11 10 2 2 2 1
1 12 13 14 3 3 3 2
1 13 15 14 3 3 3 2
1 12 16 6 4 4 4 3
1 16 17 6 4 4 4 3
1 18 13 19 5 5 5 3
1 13 7 19 5 5 5 3
"Box11" 1 0
20
1 -2.000000 1.000000 3.000000 0.000000 0.000000 -1
1 -2.000000 0.000000 3.000000 0.000000 1.000000 -1
1 -1.000000 1.000000 3.000000 1.000000 0.000000 -1
1 -1.000000 0.000000 3.000000 1.000000 1.000000 -1
1 -1.000000 1.000000 3.000000 0.000000 0.000000 -1
1 -1.000000 0.000000 3.000000 0.000000 1.000000 -1
1 -1.000000 1.000000 1.000000 1.000000 0.000000 -1
1 -1.000000 0.000000 1.000000 1.000000 1.000000 -1
1 -1.000000 1.000000 1.000000 0.000000 0.000000 -1
1 -1.000000 0.000000 1.000000 0.000000 1.000000 -1
1 -2.000000 1.000000 1.000000 1.000000 0.000000 -1
1 -2.000000 0.000000 1.000000 1.000000 1.000000 -1
1 -2.000000 1.000000 1.000000 0.000000 0.000000 -1
1 -2.000000 0.000000 1.000000 0.000000 1.000000 -1
1 -2.000000 1.000000 3.000000 1.000000 0.000000 -1
1 -2.000000 0.000000 3.000000 1.000000 1.000000 -1
1 -2.000000 1.000000 3.000000 0.000000 1.000000 -1
1 -1.000000 1.000000 3.000000 1.000000 1.000000 -1
1 -2.000000 0.000000 3.000000 0.000000 0.000000 -1
1 -1.000000 0.000000 3.000000 1.000000 0.000000 -1
6
0.000000 0.000000 1.000000
1.000000 0.000000 0.000000
0.000000 0.000000 -1.000000
-1.000000 0.000000 0.000000
0.000000 1.000000 0.000000
0.000000 -1.000000 0.000000
12
1 0 1 2 0 0 0 1
1 1 3 2 0 0 0 1
1 4 5 6 1 1 1 2
1 5 7 6 1 1 1 2
1 8 9 10 2 2 2 1
1 9 11 10 2 2 2 1
1 12 13 14 3 3 3 2
1 13 15 14 3 3 3 2
1 12 16 6 4 4 4 3
1 16 17 6 4 4 4 3
1 18 13 19 5 5 5 3
1 13 7 19 5 5 5 3
"Box12" 1 0
20
1 -2.000000 1.000000 -1.000000 0.000000 0.000000 -1
1 -2.000000 0.000000 -1.000000 0.000000 1.000000 -1
1 -1.000000 1.000000 -1.000000 1.000000 0.000000 -1
1 -1.000000 0.000000 -1.000000 1.000000 1.000000 -1
1 -1.000000 1.000000 -1.000000 0.000000 0.000000 -1
1 -1.000000 0.000000 -1.000000 0.000000 1.000000 -1
1 -1.000000 1.000000 -3.000000 1.000000 0.000000 -1
1 -1.000000 0.000000 -3.000000 1.000000 1.000000 -1
1 -1.000000 1.000000 -3.000000 0.000000 0.000000 -1
1 -1.000000 0.000000 -3.000000 0.000000 1.000000 -1
1 -2.000000 1.000000 -3.000000 1.000000 0.000000 -1
1 -2.000000 0.000000 -3.000000 1.000000 1.000000 -1
1 -2.000000 1.000000 -3.000000 0.000000 0.000000 -1
1 -2.000000 0.000000 -3.000000 0.000000 1.000000 -1
1 -2.000000 1.000000 -1.000000 1.000000 0.000000 -1
1 -2.000000 0.000000 -1.000000 1.000000 1.000000 -1
1 -2.000000 1.000000 -1.000000 0.000000 1.000000 -1
1 -1.000000 1.000000 -1.000000 1.000000 1.000000 -1
1 -2.000000 0.000000 -1.000000 0.000000 0.000000 -1
1 -1.000000 0.000000 -1.000000 1.000000 0.000000 -1
6
0.000000 0.000000 1.000000
1.000000 0.000000 0.000000
0.000000 0.000000 -1.000000
-1.000000 0.000000 0.000000
0.000000 1.000000 0.000000
0.000000 -1.000000 0.000000
12
1 0 1 2 0 0 0 1
1 1 3 2 0 0 0 1
1 4 5 6 1 1 1 2
1 5 7 6 1 1 1 2
1 8 9 10 2 2 2 1
1 9 11 10 2 2 2 1
1 12 13 14 3 3 3 2
1 13 15 14 3 3 3 2
1 12 16 6 4 4 4 3
1 16 17 6 4 4 4 3
1 18 13 19 5 5 5 3
1 13 7 19 5 5 5 3
"Box13" 1 0
20
1 1.000000 1.000000 -1.000000 0.000000 0.000000 -1
1 1.000000 0.000000 -1.000000 0.000000 1.000000 -1
1 2.000000 1.000000 -1.000000 1.000000 0.000000 -1
1 2.000000 0.000000 -1.000000 1.000000 1.000000 -1
1 2.000000 1.000000 -1.000000 0.000000 0.000000 -1
1 2.000000 0.000000 -1.000000 0.000000 1.000000 -1
1 2.000000 1.000000 -3.000000 1.000000 0.000000 -1
1 2.000000 0.000000 -3.000000 1.000000 1.000000 -1
1 2.000000 1.000000 -3.000000 0.000000 0.000000 -1
1 2.000000 0.000000 -3.000000 0.000000 1.000000 -1
1 1.000000 1.000000 -3.000000 1.000000 0.000000 -1
1 1.000000 0.000000 -3.000000 1.000000 1.000000 -1
1 1.000000 1.000000 -3.000000 0.000000 0.000000 -1
1 1.000000 0.000000 -3.000000 0.000000 1.000000 -1
1 1.000000 1.000000 -1.000000 1.000000 0.000000 -1
1 1.000000 0.000000 -1.000000 1.000000 1.000000 -1
1 1.000000 1.000000 -1.000000 0.000000 1.000000 -1
1 2.000000 1.000000 -1.000000 1.000000 1.000000 -1
1 1.000000 0.000000 -1.000000 0.000000 0.000000 -1
1 2.000000 0.000000 -1.000000 1.000000 0.000000 -1
6
0.000000 0.000000 1.000000
1.000000 0.000000 0.000000
0.000000 0.000000 -1.000000
-1.000000 0.000000 0.000000
0.000000 1.000000 0.000000
0.000000 -1.000000 0.000000
12
1 0 1 2 0 0 0 1
1 1 3 2 0 0 0 1
1 4 5 6 1 1 1 2
1 5 7 6 1 1 1 2
1 8 9 10 2 2 2 1
1 9 11 10 2 2 2 1
1 12 13 14 3 3 3 2
1 13 15 14 3 3 3 2
1 12 16 6 4 4 4 3
1 16 17 6 4 4 4 3
1 18 13 19 5 5 5 3
1 13 7 19 5 5 5 3
"Box14" 1 0
20
1 1.000000 1.000000 3.000000 0.000000 0.000000 -1
1 1.000000 0.000000 3.000000 0.000000 1.000000 -1
1 2.000000 1.000000 3.000000 1.000000 0.000000 -1
1 2.000000 0.000000 3.000000 1.000000 1.000000 -1
1 2.000000 1.000000 3.000000 0.000000 0.000000 -1
1 2.000000 0.000000 3.000000 0.000000 1.000000 -1
1 2.000000 1.000000 1.000000 1.000000 0.000000 -1
1 2.000000 0.000000 1.000000 1.000000 1.000000 -1
1 2.000000 1.000000 1.000000 0.000000 0.000000 -1
1 2.000000 0.000000 1.000000 0.000000 1.000000 -1
1 1.000000 1.000000 1.000000 1.000000 0.000000 -1
1 1.000000 0.000000 1.000000 1.000000 1.000000 -1
1 1.000000 1.000000 1.000000 0.000000 0.000000 -1
1 1.000000 0.000000 1.000000 0.000000 1.000000 -1
1 1.000000 1.000000 3.000000 1.000000 0.000000 -1
1 1.000000 0.000000 3.000000 1.000000 1.000000 -1
1 1.000000 1.000000 3.000000 0.000000 1.000000 -1
1 2.000000 1.000000 3.000000 1.000000 1.000000 -1
1 1.000000 0.000000 3.000000 0.000000 0.000000 -1
1 2.000000 0.000000 3.000000 1.000000 0.000000 -1
6
0.000000 0.000000 1.000000
1.000000 0.000000 0.000000
0.000000 0.000000 -1.000000
-1.000000 0.000000 0.000000
0.000000 1.000000 0.000000
0.000000 -1.000000 0.000000
12
1 0 1 2 0 0 0 1
1 1 3 2 0 0 0 1
1 4 5 6 1 1 1 2
1 5 7 6 1 1 1 2
1 8 9 10 2 2 2 1
1 9 11 10 2 2 2 1
1 12 13 14 3 3 3 2
1 13 15 14 3 3 3 2
1 12 16 6 4 4 4 3
1 16 17 6 4 4 4 3
1 18 13 19 5 5 5 3
1 13 7 19 5 5 5 3

Materials: 1
"Material01"
0.549020 0.549020 0.549020 1.000000
0.478431 0.478431 0.478431 1.000000
1.000000 1.000000 1.000000 1.000000
0.000000 0.000000 0.000000 1.000000
128.000000
1.000000
""
""

Bones: 0
GroupComments: 0
MaterialComments: 0
BoneComments: 0
ModelComment: 0
