SimpleMeshFormat 1
11
Box29
8
-4 1 4
-4 0 4
4 1 4
4 0 4
4 1 -4
4 0 -4
-4 1 -4
-4 0 -4
12
1 0 1 2 0 0 1 0 0 1 0 0 1 0 0 0 1 1 0
1 1 3 2 0 0 1 0 0 1 0 0 1 0 1 1 1 1 0
2 2 3 4 1 0 0 1 0 0 1 0 0 0 0 0 1 1 0
2 3 5 4 1 0 0 1 0 0 1 0 0 0 1 1 1 1 0
1 4 5 6 0 0 -1 0 0 -1 0 0 -1 0 0 0 1 1 0
1 5 7 6 0 0 -1 0 0 -1 0 0 -1 0 1 1 1 1 0
2 6 7 0 -1 0 0 -1 0 0 -1 0 0 0 0 0 1 1 0
2 7 1 0 -1 0 0 -1 0 0 -1 0 0 0 1 1 1 1 0
3 6 0 4 0 1 0 0 1 0 0 1 0 0 0 0 1 1 0
3 0 2 4 0 1 0 0 1 0 0 1 0 0 1 1 1 1 0
3 1 7 3 0 -1 0 0 -1 0 0 -1 0 0 0 0 1 1 0
3 7 5 3 0 -1 0 0 -1 0 0 -1 0 0 1 1 1 1 0
Cylinder11
26
-1.27655 1 -1.97222
-1.27655 3.01282 -1.97222
-1.36866 1 -1.63059
-1.36866 3.01282 -1.63059
-1.6203 1 -1.38051
-1.6203 3.01282 -1.38051
-1.96405 1 -1.28897
-1.96405 3.01282 -1.28897
-2.3078 1 -1.38051
-2.3078 3.01282 -1.38051
-2.55944 1 -1.63059
-2.55944 3.01282 -1.63059
-2.65155 1 -1.97222
-2.65155 3.01282 -1.97222
-2.55944 1 -2.31385
-2.55944 3.01282 -2.31385
-2.3078 1 -2.56394
-2.3078 3.01282 -2.56394
-1.96405 1 -2.65548
-1.96405 3.01282 -2.65548
-1.6203 1 -2.56394
-1.6203 3.01282 -2.56394
-1.36866 1 -2.31385
-1.36866 3.01282 -2.31385
-1.96405 3.01282 -1.97222
-1.96405 1 -1.97222
48
2 0 2 25 0 -1 0 0 -1 0 0 -1 0 0 0 0 0 0 0
2 1 24 3 0 1 0 0 1 0 0 1 0 0 0 0 0 0 0
1 0 1 2 1 0 0 1 0 0 0.864861 0 0.502011 0 1 0 0 0.0833333 1
1 1 3 2 1 0 0 0.864861 0 0.502011 0.864861 0 0.502011 0 0 0.0833333 0 0.0833333 1
2 2 4 25 0 -1 0 0 -1 0 0 -1 0 0 0 0 0 0 0
2 3 24 5 0 1 0 0 1 0 0 1 0 0 0 0 0 0 0
1 2 3 5 0.864861 0 0.502011 0.864861 0 0.502011 0.49799 0 0.867183 0.0833333 1 0.0833333 0 0.166667 0
1 2 5 4 0.864861 0 0.502011 0.49799 0 0.867183 0.49799 0 0.867183 0.0833333 1 0.166667 0 0.166667 1
2 4 6 25 0 -1 0 0 -1 0 0 -1 0 0 0 0 0 0 0
2 5 24 7 0 1 0 0 1 0 0 1 0 0 0 0 0 0 0
1 4 5 6 0.49799 0 0.867183 0.49799 0 0.867183 -4.62614e-008 0 1 0.166667 1 0.166667 0 0.25 1
1 5 7 6 0.49799 0 0.867183 -4.62614e-008 0 1 -4.62614e-008 0 1 0.166667 0 0.25 0 0.25 1
2 6 8 25 0 -1 0 0 -1 0 0 -1 0 0 0 0 0 0 0
2 7 24 9 0 1 0 0 1 0 0 1 0 0 0 0 0 0 0
1 6 7 9 -4.62614e-008 0 1 -4.62614e-008 0 1 -0.49799 0 0.867183 0.25 1 0.25 0 0.333333 0
1 6 9 8 -4.62614e-008 0 1 -0.49799 0 0.867183 -0.49799 0 0.867183 0.25 1 0.333333 0 0.333333 1
2 8 10 25 0 -1 0 0 -1 0 0 -1 0 0 0 0 0 0 0
2 9 24 11 0 1 0 0 1 0 0 1 0 0 0 0 0 0 0
1 8 9 10 -0.49799 0 0.867183 -0.49799 0 0.867183 -0.864861 0 0.502012 0.333333 1 0.333333 0 0.416667 1
1 9 11 10 -0.49799 0 0.867183 -0.864861 0 0.502012 -0.864861 0 0.502012 0.333333 0 0.416667 0 0.416667 1
2 10 12 25 0 -1 0 0 -1 0 0 -1 0 0 0 0 0 0 0
2 11 24 13 0 1 0 0 1 0 0 1 0 0 0 0 0 0 0
1 10 11 13 -0.864861 0 0.502012 -0.864861 0 0.502012 -1 0 0 0.416667 1 0.416667 0 0.5 0
1 10 13 12 -0.864861 0 0.502012 -1 0 0 -1 0 0 0.416667 1 0.5 0 0.5 1
2 12 14 25 0 -1 0 0 -1 0 0 -1 0 0 0 0 0 0 0
2 13 24 15 0 1 0 0 1 0 0 1 0 0 0 0 0 0 0
1 12 13 14 -1 0 0 -1 0 0 -0.864861 0 -0.502012 0.5 1 0.5 0 0.583333 1
1 13 15 14 -1 0 0 -0.864861 0 -0.502012 -0.864861 0 -0.502012 0.5 0 0.583333 0 0.583333 1
2 14 16 25 0 -1 0 0 -1 0 0 -1 0 0 0 0 0 0 0
2 15 24 17 0 1 0 0 1 0 0 1 0 0 0 0 0 0 0
1 14 15 17 -0.864861 0 -0.502012 -0.864861 0 -0.502012 -0.49799 0 -0.867183 0.583333 1 0.583333 0 0.666667 0
1 14 17 16 -0.864861 0 -0.502012 -0.49799 0 -0.867183 -0.49799 0 -0.867183 0.583333 1 0.666667 0 0.666667 1
2 16 18 25 0 -1 0 0 -1 0 0 -1 0 0 0 0 0 0 0
2 17 24 19 0 1 0 0 1 0 0 1 0 0 0 0 0 0 0
1 16 17 18 -0.49799 0 -0.867183 -0.49799 0 -0.867183 -4.62614e-008 0 -1 0.666667 1 0.666667 0 0.75 1
1 17 19 18 -0.49799 0 -0.867183 -4.62614e-008 0 -1 -4.62614e-008 0 -1 0.666667 0 0.75 0 0.75 1
2 18 20 25 0 -1 0 0 -1 0 0 -1 0 0 0 0 0 0 0
2 19 24 21 0 1 0 0 1 0 0 1 0 0 0 0 0 0 0
1 18 19 21 -4.62614e-008 0 -1 -4.62614e-008 0 -1 0.49799 0 -0.867183 0.75 1 0.75 0 0.833333 0
1 18 21 20 -4.62614e-008 0 -1 0.49799 0 -0.867183 0.49799 0 -0.867183 0.75 1 0.833333 0 0.833333 1
2 20 22 25 0 -1 0 0 -1 0 0 -1 0 0 0 0 0 0 0
2 21 24 23 0 1 0 0 1 0 0 1 0 0 0 0 0 0 0
1 20 21 22 0.49799 0 -0.867183 0.49799 0 -0.867183 0.864861 0 -0.502011 0.833333 1 0.833333 0 0.916667 1
1 21 23 22 0.49799 0 -0.867183 0.864861 0 -0.502011 0.864861 0 -0.502011 0.833333 0 0.916667 0 0.916667 1
2 22 0 25 0 -1 0 0 -1 0 0 -1 0 0 0 0 0 0 0
2 23 24 1 0 1 0 0 1 0 0 1 0 0 0 0 0 0 0
1 22 23 1 0.864861 0 -0.502011 0.864861 0 -0.502011 1 0 0 0.916667 1 0.916667 0 1 0
1 22 1 0 0.864861 0 -0.502011 1 0 0 1 0 0 0.916667 1 1 0 1 1
Duplicate14
26
-1.33211 1 2.02778
-1.33211 3.01282 2.02778
-1.42422 1 2.37153
-1.42422 3.01282 2.37153
-1.67586 1 2.62317
-1.67586 3.01282 2.62317
-2.01961 1 2.71528
-2.01961 3.01282 2.71528
-2.36336 1 2.62317
-2.36336 3.01282 2.62317
-2.615 1 2.37153
-2.615 3.01282 2.37153
-2.70711 1 2.02778
-2.70711 3.01282 2.02778
-2.615 1 1.68403
-2.615 3.01282 1.68403
-2.36336 1 1.43239
-2.36336 3.01282 1.43239
-2.01961 1 1.34028
-2.01961 3.01282 1.34028
-1.67586 1 1.43239
-1.67586 3.01282 1.43239
-1.42422 1 1.68403
-1.42422 3.01282 1.68403
-2.01961 3.01282 2.02778
-2.01961 1 2.02778
48
2 0 2 25 0 -1 0 0 -1 0 0 -1 0 0 0 0 0 0 0
2 1 24 3 0 1 0 0 1 0 0 1 0 0 0 0 0 0 0
1 0 1 2 1 0 4.62805e-008 1 0 4.62804e-008 0.866026 0 0.5 0 1 0 0 0.0833333 1
1 1 3 2 1 0 4.62804e-008 0.866026 0 0.5 0.866026 0 0.5 0 0 0.0833333 0 0.0833333 1
2 2 4 25 0 -1 0 0 -1 0 0 -1 0 0 0 0 0 0 0
2 3 24 5 0 1 0 0 1 0 0 1 0 0 0 0 0 0 0
1 2 3 5 0.866026 0 0.5 0.866026 0 0.5 0.5 0 0.866025 0.0833333 1 0.0833333 0 0.166667 0
1 2 5 4 0.866026 0 0.5 0.5 0 0.866025 0.5 0 0.866025 0.0833333 1 0.166667 0 0.166667 1
2 4 6 25 0 -1 0 0 -1 0 0 -1 0 0 0 0 0 0 0
2 5 24 7 0 1 0 0 1 0 0 1 0 0 0 0 0 0 0
1 4 5 6 0.5 0 0.866025 0.5 0 0.866025 0 0 1 0.166667 1 0.166667 0 0.25 1
1 5 7 6 0.5 0 0.866025 0 0 1 0 0 1 0.166667 0 0.25 0 0.25 1
2 6 8 25 0 -1 0 0 -1 0 0 -1 0 0 0 0 0 0 0
2 7 24 9 0 1 0 0 1 0 0 1 0 0 0 0 0 0 0
1 6 7 9 0 0 1 0 0 1 -0.5 0 0.866025 0.25 1 0.25 0 0.333333 0
1 6 9 8 0 0 1 -0.5 0 0.866025 -0.5 0 0.866025 0.25 1 0.333333 0 0.333333 1
2 8 10 25 0 -1 0 0 -1 0 0 -1 0 0 0 0 0 0 0
2 9 24 11 0 1 0 0 1 0 0 1 0 0 0 0 0 0 0
1 8 9 10 -0.5 0 0.866025 -0.5 0 0.866025 -0.866026 0 0.5 0.333333 1 0.333333 0 0.416667 1
1 9 11 10 -0.5 0 0.866025 -0.866026 0 0.5 -0.866026 0 0.5 0.333333 0 0.416667 0 0.416667 1
2 10 12 25 0 -1 0 0 -1 0 0 -1 0 0 0 0 0 0 0
2 11 24 13 0 1 0 0 1 0 0 1 0 0 0 0 0 0 0
1 10 11 13 -0.866026 0 0.5 -0.866026 0 0.5 -1 0 3.08536e-008 0.416667 1 0.416667 0 0.5 0
1 10 13 12 -0.866026 0 0.5 -1 0 3.08536e-008 -1 0 3.08536e-008 0.416667 1 0.5 0 0.5 1
2 12 14 25 0 -1 0 0 -1 0 0 -1 0 0 0 0 0 0 0
2 13 24 15 0 1 0 0 1 0 0 1 0 0 0 0 0 0 0
1 12 13 14 -1 0 3.08536e-008 -1 0 3.08536e-008 -0.866025 0 -0.5 0.5 1 0.5 0 0.583333 1
1 13 15 14 -1 0 3.08536e-008 -0.866025 0 -0.5 -0.866025 0 -0.5 0.5 0 0.583333 0 0.583333 1
2 14 16 25 0 -1 0 0 -1 0 0 -1 0 0 0 0 0 0 0
2 15 24 17 0 1 0 0 1 0 0 1 0 0 0 0 0 0 0
1 14 15 17 -0.866025 0 -0.5 -0.866025 0 -0.5 -0.5 0 -0.866026 0.583333 1 0.583333 0 0.666667 0
1 14 17 16 -0.866025 0 -0.5 -0.5 0 -0.866026 -0.5 0 -0.866026 0.583333 1 0.666667 0 0.666667 1
2 16 18 25 0 -1 0 0 -1 0 0 -1 0 0 0 0 0 0 0
2 17 24 19 0 1 0 0 1 0 0 1 0 0 0 0 0 0 0
1 16 17 18 -0.5 0 -0.866026 -0.5 0 -0.866026 0 0 -1 0.666667 1 0.666667 0 0.75 1
1 17 19 18 -0.5 0 -0.866026 0 0 -1 0 0 -1 0.666667 0 0.75 0 0.75 1
2 18 20 25 0 -1 0 0 -1 0 0 -1 0 0 0 0 0 0 0
2 19 24 21 0 1 0 0 1 0 0 1 0 0 0 0 0 0 0
1 18 19 21 0 0 -1 0 0 -1 0.5 0 -0.866025 0.75 1 0.75 0 0.833333 0
1 18 21 20 0 0 -1 0.5 0 -0.866025 0.5 0 -0.866025 0.75 1 0.833333 0 0.833333 1
2 20 22 25 0 -1 0 0 -1 0 0 -1 0 0 0 0 0 0 0
2 21 24 23 0 1 0 0 1 0 0 1 0 0 0 0 0 0 0
1 20 21 22 0.5 0 -0.866025 0.5 0 -0.866025 0.866025 0 -0.5 0.833333 1 0.833333 0 0.916667 1
1 21 23 22 0.5 0 -0.866025 0.866025 0 -0.5 0.866025 0 -0.5 0.833333 0 0.916667 0 0.916667 1
2 22 0 25 0 -1 0 0 -1 0 0 -1 0 0 0 0 0 0 0
2 23 24 1 0 1 0 0 1 0 0 1 0 0 0 0 0 0 0
1 22 23 1 0.866025 0 -0.5 0.866025 0 -0.5 1 0 4.62804e-008 0.916667 1 0.916667 0 1 0
1 22 1 0 0.866025 0 -0.5 1 0 4.62804e-008 1 0 4.62805e-008 0.916667 1 1 0 1 1
Duplicate15
26
2.72345 1 2.02778
2.72345 3.01282 2.02778
2.63134 1 2.37153
2.63134 3.01282 2.37153
2.3797 1 2.62317
2.3797 3.01282 2.62317
2.03595 1 2.71528
2.03595 3.01282 2.71528
1.6922 1 2.62317
1.6922 3.01282 2.62317
1.44056 1 2.37153
1.44056 3.01282 2.37153
1.34845 1 2.02778
1.34845 3.01282 2.02778
1.44056 1 1.68403
1.44056 3.01282 1.68403
1.6922 1 1.43239
1.6922 3.01282 1.43239
2.03595 1 1.34028
2.03595 3.01282 1.34028
2.3797 1 1.43239
2.3797 3.01282 1.43239
2.63134 1 1.68403
2.63134 3.01282 1.68403
2.03595 3.01282 2.02778
2.03595 1 2.02778
48
2 0 2 25 0 -1 0 0 -1 0 0 -1 0 0 0 0 0 0 0
2 1 24 3 0 1 0 0 1 0 0 1 0 0 0 0 0 0 0
1 0 1 2 1 0 1.38841e-007 1 0 1.38841e-007 0.866025 0 0.5 0 1 0 0 0.0833333 1
1 1 3 2 1 0 1.38841e-007 0.866025 0 0.5 0.866025 0 0.5 0 0 0.0833333 0 0.0833333 1
2 2 4 25 0 -1 0 0 -1 0 0 -1 0 0 0 0 0 0 0
2 3 24 5 0 1 0 0 1 0 0 1 0 0 0 0 0 0 0
1 2 3 5 0.866025 0 0.5 0.866025 0 0.5 0.500001 0 0.866025 0.0833333 1 0.0833333 0 0.166667 0
1 2 5 4 0.866025 0 0.5 0.500001 0 0.866025 0.500001 0 0.866025 0.0833333 1 0.166667 0 0.166667 1
2 4 6 25 0 -1 0 0 -1 0 0 -1 0 0 0 0 0 0 0
2 5 24 7 0 1 0 0 1 0 0 1 0 0 0 0 0 0 0
1 4 5 6 0.500001 0 0.866025 0.500001 0 0.866025 -1.69695e-007 0 1 0.166667 1 0.166667 0 0.25 1
1 5 7 6 0.500001 0 0.866025 -1.69695e-007 0 1 -1.69695e-007 0 1 0.166667 0 0.25 0 0.25 1
2 6 8 25 0 -1 0 0 -1 0 0 -1 0 0 0 0 0 0 0
2 7 24 9 0 1 0 0 1 0 0 1 0 0 0 0 0 0 0
1 6 7 9 -1.69695e-007 0 1 -1.69695e-007 0 1 -0.5 0 0.866025 0.25 1 0.25 0 0.333333 0
1 6 9 8 -1.69695e-007 0 1 -0.5 0 0.866025 -0.5 0 0.866025 0.25 1 0.333333 0 0.333333 1
2 8 10 25 0 -1 0 0 -1 0 0 -1 0 0 0 0 0 0 0
2 9 24 11 0 1 0 0 1 0 0 1 0 0 0 0 0 0 0
1 8 9 10 -0.5 0 0.866025 -0.5 0 0.866025 -0.866025 0 0.5 0.333333 1 0.333333 0 0.416667 1
1 9 11 10 -0.5 0 0.866025 -0.866025 0 0.5 -0.866025 0 0.5 0.333333 0 0.416667 0 0.416667 1
2 10 12 25 0 -1 0 0 -1 0 0 -1 0 0 0 0 0 0 0
2 11 24 13 0 1 0 0 1 0 0 1 0 0 0 0 0 0 0
1 10 11 13 -0.866025 0 0.5 -0.866025 0 0.5 -1 0 1.23415e-007 0.416667 1 0.416667 0 0.5 0
1 10 13 12 -0.866025 0 0.5 -1 0 1.23415e-007 -1 0 1.23415e-007 0.416667 1 0.5 0 0.5 1
2 12 14 25 0 -1 0 0 -1 0 0 -1 0 0 0 0 0 0 0
2 13 24 15 0 1 0 0 1 0 0 1 0 0 0 0 0 0 0
1 12 13 14 -1 0 1.23415e-007 -1 0 1.23415e-007 -0.866025 0 -0.5 0.5 1 0.5 0 0.583333 1
1 13 15 14 -1 0 1.23415e-007 -0.866025 0 -0.5 -0.866025 0 -0.5 0.5 0 0.583333 0 0.583333 1
2 14 16 25 0 -1 0 0 -1 0 0 -1 0 0 0 0 0 0 0
2 15 24 17 0 1 0 0 1 0 0 1 0 0 0 0 0 0 0
1 14 15 17 -0.866025 0 -0.5 -0.866025 0 -0.5 -0.5 0 -0.866025 0.583333 1 0.583333 0 0.666667 0
1 14 17 16 -0.866025 0 -0.5 -0.5 0 -0.866025 -0.5 0 -0.866025 0.583333 1 0.666667 0 0.666667 1
2 16 18 25 0 -1 0 0 -1 0 0 -1 0 0 0 0 0 0 0
2 17 24 19 0 1 0 0 1 0 0 1 0 0 0 0 0 0 0
1 16 17 18 -0.5 0 -0.866025 -0.5 0 -0.866025 -1.69695e-007 0 -1 0.666667 1 0.666667 0 0.75 1
1 17 19 18 -0.5 0 -0.866025 -1.69695e-007 0 -1 -1.69695e-007 0 -1 0.666667 0 0.75 0 0.75 1
2 18 20 25 0 -1 0 0 -1 0 0 -1 0 0 0 0 0 0 0
2 19 24 21 0 1 0 0 1 0 0 1 0 0 0 0 0 0 0
1 18 19 21 -1.69695e-007 0 -1 -1.69695e-007 0 -1 0.5 0 -0.866025 0.75 1 0.75 0 0.833333 0
1 18 21 20 -1.69695e-007 0 -1 0.5 0 -0.866025 0.5 0 -0.866025 0.75 1 0.833333 0 0.833333 1
2 20 22 25 0 -1 0 0 -1 0 0 -1 0 0 0 0 0 0 0
2 21 24 23 0 1 0 0 1 0 0 1 0 0 0 0 0 0 0
1 20 21 22 0.5 0 -0.866025 0.5 0 -0.866025 0.866025 0 -0.5 0.833333 1 0.833333 0 0.916667 1
1 21 23 22 0.5 0 -0.866025 0.866025 0 -0.5 0.866025 0 -0.5 0.833333 0 0.916667 0 0.916667 1
2 22 0 25 0 -1 0 0 -1 0 0 -1 0 0 0 0 0 0 0
2 23 24 1 0 1 0 0 1 0 0 1 0 0 0 0 0 0 0
1 22 23 1 0.866025 0 -0.5 0.866025 0 -0.5 1 0 1.38841e-007 0.916667 1 0.916667 0 1 0
1 22 1 0 0.866025 0 -0.5 1 0 1.38841e-007 1 0 1.38841e-007 0.916667 1 1 0 1 1
Duplicate16
26
2.66789 1 -2.02778
2.66789 3.01282 -2.02778
2.57578 1 -1.68403
2.57578 3.01282 -1.68403
2.32414 1 -1.43239
2.32414 3.01282 -1.43239
1.98039 1 -1.34028
1.98039 3.01282 -1.34028
1.63664 1 -1.43239
1.63664 3.01282 -1.43239
1.385 1 -1.68403
1.385 3.01282 -1.68403
1.29289 1 -2.02778
1.29289 3.01282 -2.02778
1.385 1 -2.37153
1.385 3.01282 -2.37153
1.63664 1 -2.62317
1.63664 3.01282 -2.62317
1.98039 1 -2.71528
1.98039 3.01282 -2.71528
2.32414 1 -2.62317
2.32414 3.01282 -2.62317
2.57578 1 -2.37153
2.57578 3.01282 -2.37153
1.98039 3.01282 -2.02778
1.98039 1 -2.02778
48
2 0 2 25 0 -1 0 0 -1 0 0 -1 0 0 0 0 0 0 0
2 1 24 3 0 1 0 0 1 0 0 1 0 0 0 0 0 0 0
1 0 1 2 1 0 1.69695e-007 1 0 1.69695e-007 0.866025 0 0.5 0 1 0 0 0.0833333 1
1 1 3 2 1 0 1.69695e-007 0.866025 0 0.5 0.866025 0 0.5 0 0 0.0833333 0 0.0833333 1
2 2 4 25 0 -1 0 0 -1 0 0 -1 0 0 0 0 0 0 0
2 3 24 5 0 1 0 0 1 0 0 1 0 0 0 0 0 0 0
1 2 3 5 0.866025 0 0.5 0.866025 0 0.5 0.5 0 0.866025 0.0833333 1 0.0833333 0 0.166667 0
1 2 5 4 0.866025 0 0.5 0.5 0 0.866025 0.5 0 0.866025 0.0833333 1 0.166667 0 0.166667 1
2 4 6 25 0 -1 0 0 -1 0 0 -1 0 0 0 0 0 0 0
2 5 24 7 0 1 0 0 1 0 0 1 0 0 0 0 0 0 0
1 4 5 6 0.5 0 0.866025 0.5 0 0.866025 -4.62805e-008 0 1 0.166667 1 0.166667 0 0.25 1
1 5 7 6 0.5 0 0.866025 -4.62805e-008 0 1 -4.62805e-008 0 1 0.166667 0 0.25 0 0.25 1
2 6 8 25 0 -1 0 0 -1 0 0 -1 0 0 0 0 0 0 0
2 7 24 9 0 1 0 0 1 0 0 1 0 0 0 0 0 0 0
1 6 7 9 -4.62805e-008 0 1 -4.62805e-008 0 1 -0.5 0 0.866025 0.25 1 0.25 0 0.333333 0
1 6 9 8 -4.62805e-008 0 1 -0.5 0 0.866025 -0.5 0 0.866025 0.25 1 0.333333 0 0.333333 1
2 8 10 25 0 -1 0 0 -1 0 0 -1 0 0 0 0 0 0 0
2 9 24 11 0 1 0 0 1 0 0 1 0 0 0 0 0 0 0
1 8 9 10 -0.5 0 0.866025 -0.5 0 0.866025 -0.866025 0 0.5 0.333333 1 0.333333 0 0.416667 1
1 9 11 10 -0.5 0 0.866025 -0.866025 0 0.5 -0.866025 0 0.5 0.333333 0 0.416667 0 0.416667 1
2 10 12 25 0 -1 0 0 -1 0 0 -1 0 0 0 0 0 0 0
2 11 24 13 0 1 0 0 1 0 0 1 0 0 0 0 0 0 0
1 10 11 13 -0.866025 0 0.5 -0.866025 0 0.5 -1 0 1.69695e-007 0.416667 1 0.416667 0 0.5 0
1 10 13 12 -0.866025 0 0.5 -1 0 1.69695e-007 -1 0 1.69695e-007 0.416667 1 0.5 0 0.5 1
2 12 14 25 0 -1 0 0 -1 0 0 -1 0 0 0 0 0 0 0
2 13 24 15 0 1 0 0 1 0 0 1 0 0 0 0 0 0 0
1 12 13 14 -1 0 1.69695e-007 -1 0 1.69695e-007 -0.866025 0 -0.5 0.5 1 0.5 0 0.583333 1
1 13 15 14 -1 0 1.69695e-007 -0.866025 0 -0.5 -0.866025 0 -0.5 0.5 0 0.583333 0 0.583333 1
2 14 16 25 0 -1 0 0 -1 0 0 -1 0 0 0 0 0 0 0
2 15 24 17 0 1 0 0 1 0 0 1 0 0 0 0 0 0 0
1 14 15 17 -0.866025 0 -0.5 -0.866025 0 -0.5 -0.5 0 -0.866026 0.583333 1 0.583333 0 0.666667 0
1 14 17 16 -0.866025 0 -0.5 -0.5 0 -0.866026 -0.5 0 -0.866026 0.583333 1 0.666667 0 0.666667 1
2 16 18 25 0 -1 0 0 -1 0 0 -1 0 0 0 0 0 0 0
2 17 24 19 0 1 0 0 1 0 0 1 0 0 0 0 0 0 0
1 16 17 18 -0.5 0 -0.866026 -0.5 0 -0.866026 -4.62805e-008 0 -1 0.666667 1 0.666667 0 0.75 1
1 17 19 18 -0.5 0 -0.866026 -4.62805e-008 0 -1 -4.62805e-008 0 -1 0.666667 0 0.75 0 0.75 1
2 18 20 25 0 -1 0 0 -1 0 0 -1 0 0 0 0 0 0 0
2 19 24 21 0 1 0 0 1 0 0 1 0 0 0 0 0 0 0
1 18 19 21 -4.62805e-008 0 -1 -4.62805e-008 0 -1 0.5 0 -0.866025 0.75 1 0.75 0 0.833333 0
1 18 21 20 -4.62805e-008 0 -1 0.5 0 -0.866025 0.5 0 -0.866025 0.75 1 0.833333 0 0.833333 1
2 20 22 25 0 -1 0 0 -1 0 0 -1 0 0 0 0 0 0 0
2 21 24 23 0 1 0 0 1 0 0 1 0 0 0 0 0 0 0
1 20 21 22 0.5 0 -0.866025 0.5 0 -0.866025 0.866025 0 -0.5 0.833333 1 0.833333 0 0.916667 1
1 21 23 22 0.5 0 -0.866025 0.866025 0 -0.5 0.866025 0 -0.5 0.833333 0 0.916667 0 0.916667 1
2 22 0 25 0 -1 0 0 -1 0 0 -1 0 0 0 0 0 0 0
2 23 24 1 0 1 0 0 1 0 0 1 0 0 0 0 0 0 0
1 22 23 1 0.866025 0 -0.5 0.866025 0 -0.5 1 0 1.69695e-007 0.916667 1 0.916667 0 1 0
1 22 1 0 0.866025 0 -0.5 1 0 1.69695e-007 1 0 1.69695e-007 0.916667 1 1 0 1 1
Cylinder15
14
-0.325163 3.07692 -1.93376
-1.99183 4.48718 -1.93376
-0.548454 3.07692 -1.10043
-1.1585 3.07692 -0.490384
-1.99183 3.07692 -0.267094
-2.82516 3.07692 -0.490384
-3.43521 3.07692 -1.10043
-3.6585 3.07692 -1.93376
-3.43521 3.07692 -2.76709
-2.82516 3.07692 -3.37714
-1.99183 3.07692 -3.60043
-1.1585 3.07692 -3.37714
-0.548454 3.07692 -2.76709
-1.99183 3.07692 -1.93376
24
2 0 2 13 0 -1 0 0 -1 0 0 -1 0 0 0 0 0 0 0
1 0 1 2 0.645942 0.763386 9.82976e-008 1.32067e-008 1 1.81592e-008 0.559402 0.763386 0.322971 0 1 0 0 0.0833333 1
2 2 3 13 0 -1 0 0 -1 0 0 -1 0 0 0 0 0 0 0
1 2 1 3 0.559402 0.763386 0.322971 1.32067e-008 1 1.81592e-008 0.322971 0.763386 0.559402 0.0833333 1 0.166667 0 0.166667 1
2 3 4 13 0 -1 0 0 -1 0 0 -1 0 0 0 0 0 0 0
1 3 1 4 0.322971 0.763386 0.559402 1.32067e-008 1 1.81592e-008 -1.51227e-008 0.763386 0.645942 0.166667 1 0.166667 0 0.25 1
2 4 5 13 0 -1 0 0 -1 0 0 -1 0 0 0 0 0 0 0
1 4 1 5 -1.51227e-008 0.763386 0.645942 1.32067e-008 1 1.81592e-008 -0.322971 0.763386 0.559402 0.25 1 0.333333 0 0.333333 1
2 5 6 13 0 -1 0 0 -1 0 0 -1 0 0 0 0 0 0 0
1 5 1 6 -0.322971 0.763386 0.559402 1.32067e-008 1 1.81592e-008 -0.559402 0.763386 0.322971 0.333333 1 0.333333 0 0.416667 1
2 6 7 13 0 -1 0 0 -1 0 0 -1 0 0 0 0 0 0 0
1 6 1 7 -0.559402 0.763386 0.322971 1.32067e-008 1 1.81592e-008 -0.645942 0.763386 9.82976e-008 0.416667 1 0.5 0 0.5 1
2 7 8 13 0 -1 0 0 -1 0 0 -1 0 0 0 0 0 0 0
1 7 1 8 -0.645942 0.763386 9.82976e-008 1.32067e-008 1 1.81592e-008 -0.559402 0.763386 -0.322971 0.5 1 0.5 0 0.583333 1
2 8 9 13 0 -1 0 0 -1 0 0 -1 0 0 0 0 0 0 0
1 8 1 9 -0.559402 0.763386 -0.322971 1.32067e-008 1 1.81592e-008 -0.322971 0.763386 -0.559402 0.583333 1 0.666667 0 0.666667 1
2 9 10 13 0 -1 0 0 -1 0 0 -1 0 0 0 0 0 0 0
1 9 1 10 -0.322971 0.763386 -0.559402 1.32067e-008 1 1.81592e-008 -2.26841e-008 0.763386 -0.645942 0.666667 1 0.666667 0 0.75 1
2 10 11 13 0 -1 0 0 -1 0 0 -1 0 0 0 0 0 0 0
1 10 1 11 -2.26841e-008 0.763386 -0.645942 1.32067e-008 1 1.81592e-008 0.322971 0.763386 -0.559402 0.75 1 0.833333 0 0.833333 1
2 11 12 13 0 -1 0 0 -1 0 0 -1 0 0 0 0 0 0 0
1 11 1 12 0.322971 0.763386 -0.559402 1.32067e-008 1 1.81592e-008 0.559402 0.763386 -0.322971 0.833333 1 0.833333 0 0.916667 1
2 12 0 13 0 -1 0 0 -1 0 0 -1 0 0 0 0 0 0 0
1 12 1 0 0.559402 0.763386 -0.322971 1.32067e-008 1 1.81592e-008 0.645942 0.763386 9.82976e-008 0.916667 1 1 0 1 1
Duplicate17
14
-0.74183 4 -1.93376
-1.99183 5.41026 -1.93376
-0.909298 4 -1.30876
-1.36683 4 -0.851228
-1.99183 4 -0.683761
-2.61683 4 -0.851228
-3.07436 4 -1.30876
-3.24183 4 -1.93376
-3.07436 4 -2.55876
-2.61683 4 -3.01629
-1.99183 4 -3.18376
-1.36683 4 -3.01629
-0.909298 4 -2.55876
-1.99183 4 -1.93376
24
2 0 2 13 0 -1 0 0 -1 0 0 -1 0 0 0 0 0 0 0
1 0 1 2 0.748347 0.663307 1.29181e-007 3.81869e-008 1 3.81869e-008 0.648088 0.663307 0.374174 0 1 0 0 0.0833333 1
2 2 3 13 0 -1 0 0 -1 0 0 -1 0 0 0 0 0 0 0
1 2 1 3 0.648088 0.663307 0.374174 3.81869e-008 1 3.81869e-008 0.374174 0.663307 0.648088 0.0833333 1 0.166667 0 0.166667 1
2 3 4 13 0 -1 0 0 -1 0 0 -1 0 0 0 0 0 0 0
1 3 1 4 0.374174 0.663307 0.648088 3.81869e-008 1 3.81869e-008 -4.55933e-008 0.663307 0.748347 0.166667 1 0.166667 0 0.25 1
2 4 5 13 0 -1 0 0 -1 0 0 -1 0 0 0 0 0 0 0
1 4 1 5 -4.55933e-008 0.663307 0.748347 3.81869e-008 1 3.81869e-008 -0.374173 0.663307 0.648088 0.25 1 0.333333 0 0.333333 1
2 5 6 13 0 -1 0 0 -1 0 0 -1 0 0 0 0 0 0 0
1 5 1 6 -0.374173 0.663307 0.648088 3.81869e-008 1 3.81869e-008 -0.648088 0.663307 0.374174 0.333333 1 0.333333 0 0.416667 1
2 6 7 13 0 -1 0 0 -1 0 0 -1 0 0 0 0 0 0 0
1 6 1 7 -0.648088 0.663307 0.374174 3.81869e-008 1 3.81869e-008 -0.748347 0.663307 1.21582e-007 0.416667 1 0.5 0 0.5 1
2 7 8 13 0 -1 0 0 -1 0 0 -1 0 0 0 0 0 0 0
1 7 1 8 -0.748347 0.663307 1.21582e-007 3.81869e-008 1 3.81869e-008 -0.648088 0.663307 -0.374174 0.5 1 0.5 0 0.583333 1
2 8 9 13 0 -1 0 0 -1 0 0 -1 0 0 0 0 0 0 0
1 8 1 9 -0.648088 0.663307 -0.374174 3.81869e-008 1 3.81869e-008 -0.374174 0.663307 -0.648088 0.583333 1 0.666667 0 0.666667 1
2 9 10 13 0 -1 0 0 -1 0 0 -1 0 0 0 0 0 0 0
1 9 1 10 -0.374174 0.663307 -0.648088 3.81869e-008 1 3.81869e-008 -5.31922e-008 0.663307 -0.748347 0.666667 1 0.666667 0 0.75 1
2 10 11 13 0 -1 0 0 -1 0 0 -1 0 0 0 0 0 0 0
1 10 1 11 -5.31922e-008 0.663307 -0.748347 3.81869e-008 1 3.81869e-008 0.374174 0.663307 -0.648088 0.75 1 0.833333 0 0.833333 1
2 11 12 13 0 -1 0 0 -1 0 0 -1 0 0 0 0 0 0 0
1 11 1 12 0.374174 0.663307 -0.648088 3.81869e-008 1 3.81869e-008 0.648088 0.663307 -0.374174 0.833333 1 0.833333 0 0.916667 1
2 12 0 13 0 -1 0 0 -1 0 0 -1 0 0 0 0 0 0 0
1 12 1 0 0.648088 0.663307 -0.374174 3.81869e-008 1 3.81869e-008 0.748347 0.663307 1.29181e-007 0.916667 1 1 0 1 1
Duplicate18
14
-1.05433 5 -1.93376
-1.99183 6.41026 -1.93376
-1.17993 5 -1.46501
-1.52308 5 -1.12186
-1.99183 5 -0.996261
-2.46058 5 -1.12186
-2.80373 5 -1.46501
-2.92933 5 -1.93376
-2.80373 5 -2.40251
-2.46058 5 -2.74566
-1.99183 5 -2.87126
-1.52308 5 -2.74566
-1.17993 5 -2.40251
-1.99183 5 -1.93376
24
2 0 2 13 0 -1 0 0 -1 0 0 -1 0 0 0 0 0 0 0
1 0 1 2 0.832778 0.553607 1.29775e-007 2.75785e-008 1 1.12612e-007 0.721207 0.553607 0.416389 0 1 0 0 0.0833333 1
2 2 3 13 0 -1 0 0 -1 0 0 -1 0 0 0 0 0 0 0
1 2 1 3 0.721207 0.553607 0.416389 2.75785e-008 1 1.12612e-007 0.416389 0.553607 0.721207 0.0833333 1 0.166667 0 0.166667 1
2 3 4 13 0 -1 0 0 -1 0 0 -1 0 0 0 0 0 0 0
1 3 1 4 0.416389 0.553607 0.721207 2.75785e-008 1 1.12612e-007 -7.63382e-008 0.553607 0.832778 0.166667 1 0.166667 0 0.25 1
2 4 5 13 0 -1 0 0 -1 0 0 -1 0 0 0 0 0 0 0
1 4 1 5 -7.63382e-008 0.553607 0.832778 2.75785e-008 1 1.12612e-007 -0.416389 0.553607 0.721207 0.25 1 0.333333 0 0.333333 1
2 5 6 13 0 -1 0 0 -1 0 0 -1 0 0 0 0 0 0 0
1 5 1 6 -0.416389 0.553607 0.721207 2.75785e-008 1 1.12612e-007 -0.721207 0.553607 0.416389 0.333333 1 0.333333 0 0.416667 1
2 6 7 13 0 -1 0 0 -1 0 0 -1 0 0 0 0 0 0 0
1 6 1 7 -0.721207 0.553607 0.416389 2.75785e-008 1 1.12612e-007 -0.832778 0.553607 1.37409e-007 0.416667 1 0.5 0 0.5 1
2 7 8 13 0 -1 0 0 -1 0 0 -1 0 0 0 0 0 0 0
1 7 1 8 -0.832778 0.553607 1.37409e-007 2.75785e-008 1 1.12612e-007 -0.721207 0.553608 -0.416389 0.5 1 0.5 0 0.583333 1
2 8 9 13 0 -1 0 0 -1 0 0 -1 0 0 0 0 0 0 0
1 8 1 9 -0.721207 0.553608 -0.416389 2.75785e-008 1 1.12612e-007 -0.416389 0.553607 -0.721207 0.583333 1 0.666667 0 0.666667 1
2 9 10 13 0 -1 0 0 -1 0 0 -1 0 0 0 0 0 0 0
1 9 1 10 -0.416389 0.553607 -0.721207 2.75785e-008 1 1.12612e-007 -8.3972e-008 0.553608 -0.832778 0.666667 1 0.666667 0 0.75 1
2 10 11 13 0 -1 0 0 -1 0 0 -1 0 0 0 0 0 0 0
1 10 1 11 -8.3972e-008 0.553608 -0.832778 2.75785e-008 1 1.12612e-007 0.416389 0.553607 -0.721207 0.75 1 0.833333 0 0.833333 1
2 11 12 13 0 -1 0 0 -1 0 0 -1 0 0 0 0 0 0 0
1 11 1 12 0.416389 0.553607 -0.721207 2.75785e-008 1 1.12612e-007 0.721207 0.553607 -0.416389 0.833333 1 0.833333 0 0.916667 1
2 12 0 13 0 -1 0 0 -1 0 0 -1 0 0 0 0 0 0 0
1 12 1 0 0.721207 0.553607 -0.416389 2.75785e-008 1 1.12612e-007 0.832778 0.553607 1.29775e-007 0.916667 1 1 0 1 1
Duplicate19
42
-0.380719 3.07692 2.01068
-2.04739 4.48718 2.01068
-0.60401 3.07692 2.84402
-1.21405 3.07692 3.45406
-2.04739 3.07692 3.67735
-2.88072 3.07692 3.45406
-3.49076 3.07692 2.84402
-3.71405 3.07692 2.01068
-3.49076 3.07692 1.17735
-2.88072 3.07692 0.567308
-2.04739 3.07692 0.344017
-1.21405 3.07692 0.567308
-0.60401 3.07692 1.17735
-2.04739 3.07692 2.01068
-0.797386 4 2.01068
-2.04739 5.41026 2.01068
-0.964854 4 2.63568
-1.42239 4 3.09322
-2.04739 4 3.26068
-2.67239 4 3.09322
-3.12992 4 2.63568
-3.29739 4 2.01068
-3.12992 4 1.38568
-2.67239 4 0.928153
-2.04739 4 0.760684
-1.42239 4 0.928153
-0.964854 4 1.38568
-2.04739 4 2.01068
-1.10989 5 2.01068
-2.04739 6.41026 2.01068
-1.23549 5 2.47943
-1.57864 5 2.82258
-2.04739 5 2.94818
-2.51614 5 2.82258
-2.85928 5 2.47943
-2.98489 5 2.01068
-2.85928 5 1.54193
-2.51614 5 1.19879
-2.04739 5 1.07318
-1.57864 5 1.19879
-1.23549 5 1.54193
-2.04739 5 2.01068
72
2 0 2 13 0 -1 0 0 -1 0 0 -1 0 0 0 0 0 0 0
1 0 1 2 0.645942 0.763386 1.36104e-007 -7.92401e-008 1 -1.65084e-009 0.559402 0.763386 0.322971 0 1 0 0 0.0833333 1
2 2 3 13 0 -1 0 0 -1 0 0 -1 0 0 0 0 0 0 0
1 2 1 3 0.559402 0.763386 0.322971 -7.92401e-008 1 -1.65084e-009 0.322971 0.763386 0.559402 0.0833333 1 0.166667 0 0.166667 1
2 3 4 13 0 -1 0 0 -1 0 0 -1 0 0 0 0 0 0 0
1 3 1 4 0.322971 0.763386 0.559402 -7.92401e-008 1 -1.65084e-009 -5.29295e-008 0.763386 0.645942 0.166667 1 0.166667 0 0.25 1
2 4 5 13 0 -1 0 0 -1 0 0 -1 0 0 0 0 0 0 0
1 4 1 5 -5.29295e-008 0.763386 0.645942 -7.92401e-008 1 -1.65084e-009 -0.322971 0.763386 0.559402 0.25 1 0.333333 0 0.333333 1
2 5 6 13 0 -1 0 0 -1 0 0 -1 0 0 0 0 0 0 0
1 5 1 6 -0.322971 0.763386 0.559402 -7.92401e-008 1 -1.65084e-009 -0.559403 0.763386 0.322971 0.333333 1 0.333333 0 0.416667 1
2 6 7 13 0 -1 0 0 -1 0 0 -1 0 0 0 0 0 0 0
1 6 1 7 -0.559403 0.763386 0.322971 -7.92401e-008 1 -1.65084e-009 -0.645942 0.763386 1.43666e-007 0.416667 1 0.5 0 0.5 1
2 7 8 13 0 -1 0 0 -1 0 0 -1 0 0 0 0 0 0 0
1 7 1 8 -0.645942 0.763386 1.43666e-007 -7.92401e-008 1 -1.65084e-009 -0.559402 0.763386 -0.322971 0.5 1 0.5 0 0.583333 1
2 8 9 13 0 -1 0 0 -1 0 0 -1 0 0 0 0 0 0 0
1 8 1 9 -0.559402 0.763386 -0.322971 -7.92401e-008 1 -1.65084e-009 -0.322971 0.763386 -0.559402 0.583333 1 0.666667 0 0.666667 1
2 9 10 13 0 -1 0 0 -1 0 0 -1 0 0 0 0 0 0 0
1 9 1 10 -0.322971 0.763386 -0.559402 -7.92401e-008 1 -1.65084e-009 -4.53681e-008 0.763387 -0.645942 0.666667 1 0.666667 0 0.75 1
2 10 11 13 0 -1 0 0 -1 0 0 -1 0 0 0 0 0 0 0
1 10 1 11 -4.53681e-008 0.763387 -0.645942 -7.92401e-008 1 -1.65084e-009 0.322971 0.763386 -0.559402 0.75 1 0.833333 0 0.833333 1
2 11 12 13 0 -1 0 0 -1 0 0 -1 0 0 0 0 0 0 0
1 11 1 12 0.322971 0.763386 -0.559402 -7.92401e-008 1 -1.65084e-009 0.559402 0.763387 -0.322971 0.833333 1 0.833333 0 0.916667 1
2 12 0 13 0 -1 0 0 -1 0 0 -1 0 0 0 0 0 0 0
1 12 1 0 0.559402 0.763387 -0.322971 -7.92401e-008 1 -1.65084e-009 0.645942 0.763386 1.36104e-007 0.916667 1 1 0 1 1
2 14 16 27 0 -1 0 0 -1 0 0 -1 0 0 0 0 0 0 0
1 14 15 16 0.748347 0.663307 1.67176e-007 -7.63738e-008 1 -2.29121e-008 0.648088 0.663307 0.374174 0 1 0 0 0.0833333 1
2 16 17 27 0 -1 0 0 -1 0 0 -1 0 0 0 0 0 0 0
1 16 15 17 0.648088 0.663307 0.374174 -7.63738e-008 1 -2.29121e-008 0.374174 0.663307 0.648088 0.0833333 1 0.166667 0 0.166667 1
2 17 18 27 0 -1 0 0 -1 0 0 -1 0 0 0 0 0 0 0
1 17 15 18 0.374174 0.663307 0.648088 -7.63738e-008 1 -2.29121e-008 -9.11867e-008 0.663307 0.748347 0.166667 1 0.166667 0 0.25 1
2 18 19 27 0 -1 0 0 -1 0 0 -1 0 0 0 0 0 0 0
1 18 15 19 -9.11867e-008 0.663307 0.748347 -7.63738e-008 1 -2.29121e-008 -0.374174 0.663307 0.648088 0.25 1 0.333333 0 0.333333 1
2 19 20 27 0 -1 0 0 -1 0 0 -1 0 0 0 0 0 0 0
1 19 15 20 -0.374174 0.663307 0.648088 -7.63738e-008 1 -2.29121e-008 -0.648088 0.663307 0.374174 0.333333 1 0.333333 0 0.416667 1
2 20 21 27 0 -1 0 0 -1 0 0 -1 0 0 0 0 0 0 0
1 20 15 21 -0.648088 0.663307 0.374174 -7.63738e-008 1 -2.29121e-008 -0.748347 0.663307 1.67176e-007 0.416667 1 0.5 0 0.5 1
2 21 22 27 0 -1 0 0 -1 0 0 -1 0 0 0 0 0 0 0
1 21 15 22 -0.748347 0.663307 1.67176e-007 -7.63738e-008 1 -2.29121e-008 -0.648088 0.663307 -0.374174 0.5 1 0.5 0 0.583333 1
2 22 23 27 0 -1 0 0 -1 0 0 -1 0 0 0 0 0 0 0
1 22 15 23 -0.648088 0.663307 -0.374174 -7.63738e-008 1 -2.29121e-008 -0.374174 0.663307 -0.648088 0.583333 1 0.666667 0 0.666667 1
2 23 24 27 0 -1 0 0 -1 0 0 -1 0 0 0 0 0 0 0
1 23 15 24 -0.374174 0.663307 -0.648088 -7.63738e-008 1 -2.29121e-008 -9.11867e-008 0.663307 -0.748347 0.666667 1 0.666667 0 0.75 1
2 24 25 27 0 -1 0 0 -1 0 0 -1 0 0 0 0 0 0 0
1 24 15 25 -9.11867e-008 0.663307 -0.748347 -7.63738e-008 1 -2.29121e-008 0.374174 0.663307 -0.648088 0.75 1 0.833333 0 0.833333 1
2 25 26 27 0 -1 0 0 -1 0 0 -1 0 0 0 0 0 0 0
1 25 15 26 0.374174 0.663307 -0.648088 -7.63738e-008 1 -2.29121e-008 0.648088 0.663307 -0.374174 0.833333 1 0.833333 0 0.916667 1
2 26 14 27 0 -1 0 0 -1 0 0 -1 0 0 0 0 0 0 0
1 26 15 14 0.648088 0.663307 -0.374174 -7.63738e-008 1 -2.29121e-008 0.748347 0.663307 1.67176e-007 0.916667 1 1 0 1 1
2 28 30 41 0 -1 0 0 -1 0 0 -1 0 0 0 0 0 0 0
1 28 29 30 0.832778 0.553608 1.06873e-007 -1.65471e-007 1 2.11435e-007 0.721207 0.553607 0.416389 0 1 0 0 0.0833333 1
2 30 31 41 0 -1 0 0 -1 0 0 -1 0 0 0 0 0 0 0
1 30 29 31 0.721207 0.553607 0.416389 -1.65471e-007 1 2.11435e-007 0.416389 0.553607 0.721207 0.0833333 1 0.166667 0 0.166667 1
2 31 32 41 0 -1 0 0 -1 0 0 -1 0 0 0 0 0 0 0
1 31 29 32 0.416389 0.553607 0.721207 -1.65471e-007 1 2.11435e-007 -1.37409e-007 0.553607 0.832778 0.166667 1 0.166667 0 0.25 1
2 32 33 41 0 -1 0 0 -1 0 0 -1 0 0 0 0 0 0 0
1 32 29 33 -1.37409e-007 0.553607 0.832778 -1.65471e-007 1 2.11435e-007 -0.416389 0.553607 0.721207 0.25 1 0.333333 0 0.333333 1
2 33 34 41 0 -1 0 0 -1 0 0 -1 0 0 0 0 0 0 0
1 33 29 34 -0.416389 0.553607 0.721207 -1.65471e-007 1 2.11435e-007 -0.721207 0.553607 0.416389 0.333333 1 0.333333 0 0.416667 1
2 34 35 41 0 -1 0 0 -1 0 0 -1 0 0 0 0 0 0 0
1 34 29 35 -0.721207 0.553607 0.416389 -1.65471e-007 1 2.11435e-007 -0.832778 0.553607 1.06873e-007 0.416667 1 0.5 0 0.5 1
2 35 36 41 0 -1 0 0 -1 0 0 -1 0 0 0 0 0 0 0
1 35 29 36 -0.832778 0.553607 1.06873e-007 -1.65471e-007 1 2.11435e-007 -0.721207 0.553607 -0.416389 0.5 1 0.5 0 0.583333 1
2 36 37 41 0 -1 0 0 -1 0 0 -1 0 0 0 0 0 0 0
1 36 29 37 -0.721207 0.553607 -0.416389 -1.65471e-007 1 2.11435e-007 -0.416389 0.553607 -0.721207 0.583333 1 0.666667 0 0.666667 1
2 37 38 41 0 -1 0 0 -1 0 0 -1 0 0 0 0 0 0 0
1 37 29 38 -0.416389 0.553607 -0.721207 -1.65471e-007 1 2.11435e-007 -1.37409e-007 0.553608 -0.832778 0.666667 1 0.666667 0 0.75 1
2 38 39 41 0 -1 0 0 -1 0 0 -1 0 0 0 0 0 0 0
1 38 29 39 -1.37409e-007 0.553608 -0.832778 -1.65471e-007 1 2.11435e-007 0.416389 0.553608 -0.721207 0.75 1 0.833333 0 0.833333 1
2 39 40 41 0 -1 0 0 -1 0 0 -1 0 0 0 0 0 0 0
1 39 29 40 0.416389 0.553608 -0.721207 -1.65471e-007 1 2.11435e-007 0.721207 0.553608 -0.416389 0.833333 1 0.833333 0 0.916667 1
2 40 28 41 0 -1 0 0 -1 0 0 -1 0 0 0 0 0 0 0
1 40 29 28 0.721207 0.553608 -0.416389 -1.65471e-007 1 2.11435e-007 0.832778 0.553608 1.06873e-007 0.916667 1 1 0 1 1
Duplicate20
42
3.67484 3.07692 2.01068
2.00817 4.48718 2.01068
3.45155 3.07692 2.84402
2.8415 3.07692 3.45406
2.00817 3.07692 3.67735
1.17484 3.07692 3.45406
0.564794 3.07692 2.84402
0.341503 3.07692 2.01068
0.564794 3.07692 1.17735
1.17484 3.07692 0.567308
2.00817 3.07692 0.344017
2.8415 3.07692 0.567308
3.45155 3.07692 1.17735
2.00817 3.07692 2.01068
3.25817 4 2.01068
2.00817 5.41026 2.01068
3.0907 4 2.63568
2.63317 4 3.09322
2.00817 4 3.26068
1.38317 4 3.09322
0.925638 4 2.63568
0.75817 4 2.01068
0.925638 4 1.38568
1.38317 4 0.928153
2.00817 4 0.760684
2.63317 4 0.928153
3.0907 4 1.38568
2.00817 4 2.01068
2.94567 5 2.01068
2.00817 6.41026 2.01068
2.82007 5 2.47943
2.47692 5 2.82258
2.00817 5 2.94818
1.53942 5 2.82258
1.19627 5 2.47943
1.07067 5 2.01068
1.19627 5 1.54193
1.53942 5 1.19879
2.00817 5 1.07318
2.47692 5 1.19879
2.82007 5 1.54193
2.00817 5 2.01068
72
2 0 2 13 0 -1 0 0 -1 0 0 -1 0 0 0 0 0 0 0
1 0 1 2 0.645942 0.763386 1.1342e-007 -4.62234e-008 1 9.90501e-009 0.559402 0.763386 0.322971 0 1 0 0 0.0833333 1
2 2 3 13 0 -1 0 0 -1 0 0 -1 0 0 0 0 0 0 0
1 2 1 3 0.559402 0.763386 0.322971 -4.62234e-008 1 9.90501e-009 0.322971 0.763386 0.559402 0.0833333 1 0.166667 0 0.166667 1
2 3 4 13 0 -1 0 0 -1 0 0 -1 0 0 0 0 0 0 0
1 3 1 4 0.322971 0.763386 0.559402 -4.62234e-008 1 9.90501e-009 -3.02454e-008 0.763386 0.645942 0.166667 1 0.166667 0 0.25 1
2 4 5 13 0 -1 0 0 -1 0 0 -1 0 0 0 0 0 0 0
1 4 1 5 -3.02454e-008 0.763386 0.645942 -4.62234e-008 1 9.90501e-009 -0.322971 0.763386 0.559402 0.25 1 0.333333 0 0.333333 1
2 5 6 13 0 -1 0 0 -1 0 0 -1 0 0 0 0 0 0 0
1 5 1 6 -0.322971 0.763386 0.559402 -4.62234e-008 1 9.90501e-009 -0.559402 0.763386 0.322971 0.333333 1 0.333333 0 0.416667 1
2 6 7 13 0 -1 0 0 -1 0 0 -1 0 0 0 0 0 0 0
1 6 1 7 -0.559402 0.763386 0.322971 -4.62234e-008 1 9.90501e-009 -0.645942 0.763386 1.20982e-007 0.416667 1 0.5 0 0.5 1
2 7 8 13 0 -1 0 0 -1 0 0 -1 0 0 0 0 0 0 0
1 7 1 8 -0.645942 0.763386 1.20982e-007 -4.62234e-008 1 9.90501e-009 -0.559402 0.763386 -0.322971 0.5 1 0.5 0 0.583333 1
2 8 9 13 0 -1 0 0 -1 0 0 -1 0 0 0 0 0 0 0
1 8 1 9 -0.559402 0.763386 -0.322971 -4.62234e-008 1 9.90501e-009 -0.322971 0.763386 -0.559402 0.583333 1 0.666667 0 0.666667 1
2 9 10 13 0 -1 0 0 -1 0 0 -1 0 0 0 0 0 0 0
1 9 1 10 -0.322971 0.763386 -0.559402 -4.62234e-008 1 9.90501e-009 -3.02454e-008 0.763386 -0.645942 0.666667 1 0.666667 0 0.75 1
2 10 11 13 0 -1 0 0 -1 0 0 -1 0 0 0 0 0 0 0
1 10 1 11 -3.02454e-008 0.763386 -0.645942 -4.62234e-008 1 9.90501e-009 0.322971 0.763386 -0.559402 0.75 1 0.833333 0 0.833333 1
2 11 12 13 0 -1 0 0 -1 0 0 -1 0 0 0 0 0 0 0
1 11 1 12 0.322971 0.763386 -0.559402 -4.62234e-008 1 9.90501e-009 0.559402 0.763386 -0.322971 0.833333 1 0.833333 0 0.916667 1
2 12 0 13 0 -1 0 0 -1 0 0 -1 0 0 0 0 0 0 0
1 12 1 0 0.559402 0.763386 -0.322971 -4.62234e-008 1 9.90501e-009 0.645942 0.763386 1.1342e-007 0.916667 1 1 0 1 1
2 14 16 27 0 -1 0 0 -1 0 0 -1 0 0 0 0 0 0 0
1 14 15 16 0.748347 0.663307 1.13983e-007 -3.05495e-008 1 -4.58243e-008 0.648088 0.663307 0.374174 0 1 0 0 0.0833333 1
2 16 17 27 0 -1 0 0 -1 0 0 -1 0 0 0 0 0 0 0
1 16 15 17 0.648088 0.663307 0.374174 -3.05495e-008 1 -4.58243e-008 0.374174 0.663307 0.648088 0.0833333 1 0.166667 0 0.166667 1
2 17 18 27 0 -1 0 0 -1 0 0 -1 0 0 0 0 0 0 0
1 17 15 18 0.374174 0.663307 0.648088 -3.05495e-008 1 -4.58243e-008 -4.55933e-008 0.663307 0.748347 0.166667 1 0.166667 0 0.25 1
2 18 19 27 0 -1 0 0 -1 0 0 -1 0 0 0 0 0 0 0
1 18 15 19 -4.55933e-008 0.663307 0.748347 -3.05495e-008 1 -4.58243e-008 -0.374174 0.663307 0.648088 0.25 1 0.333333 0 0.333333 1
2 19 20 27 0 -1 0 0 -1 0 0 -1 0 0 0 0 0 0 0
1 19 15 20 -0.374174 0.663307 0.648088 -3.05495e-008 1 -4.58243e-008 -0.648088 0.663307 0.374174 0.333333 1 0.333333 0 0.416667 1
2 20 21 27 0 -1 0 0 -1 0 0 -1 0 0 0 0 0 0 0
1 20 15 21 -0.648088 0.663307 0.374174 -3.05495e-008 1 -4.58243e-008 -0.748347 0.663307 1.13983e-007 0.416667 1 0.5 0 0.5 1
2 21 22 27 0 -1 0 0 -1 0 0 -1 0 0 0 0 0 0 0
1 21 15 22 -0.748347 0.663307 1.13983e-007 -3.05495e-008 1 -4.58243e-008 -0.648088 0.663307 -0.374174 0.5 1 0.5 0 0.583333 1
2 22 23 27 0 -1 0 0 -1 0 0 -1 0 0 0 0 0 0 0
1 22 15 23 -0.648088 0.663307 -0.374174 -3.05495e-008 1 -4.58243e-008 -0.374174 0.663307 -0.648088 0.583333 1 0.666667 0 0.666667 1
2 23 24 27 0 -1 0 0 -1 0 0 -1 0 0 0 0 0 0 0
1 23 15 24 -0.374174 0.663307 -0.648088 -3.05495e-008 1 -4.58243e-008 -6.07911e-008 0.663307 -0.748347 0.666667 1 0.666667 0 0.75 1
2 24 25 27 0 -1 0 0 -1 0 0 -1 0 0 0 0 0 0 0
1 24 15 25 -6.07911e-008 0.663307 -0.748347 -3.05495e-008 1 -4.58243e-008 0.374174 0.663307 -0.648088 0.75 1 0.833333 0 0.833333 1
2 25 26 27 0 -1 0 0 -1 0 0 -1 0 0 0 0 0 0 0
1 25 15 26 0.374174 0.663307 -0.648088 -3.05495e-008 1 -4.58243e-008 0.648088 0.663307 -0.374174 0.833333 1 0.833333 0 0.916667 1
2 26 14 27 0 -1 0 0 -1 0 0 -1 0 0 0 0 0 0 0
1 26 15 14 0.648088 0.663307 -0.374174 -3.05495e-008 1 -4.58243e-008 0.748347 0.663307 1.13983e-007 0.916667 1 1 0 1 1
2 28 30 41 0 -1 0 0 -1 0 0 -1 0 0 0 0 0 0 0
1 28 29 30 0.832778 0.553608 4.58029e-008 -1.10314e-007 1 9.88228e-008 0.721207 0.553607 0.416389 0 1 0 0 0.0833333 1
2 30 31 41 0 -1 0 0 -1 0 0 -1 0 0 0 0 0 0 0
1 30 29 31 0.721207 0.553607 0.416389 -1.10314e-007 1 9.88228e-008 0.416389 0.553607 0.721207 0.0833333 1 0.166667 0 0.166667 1
2 31 32 41 0 -1 0 0 -1 0 0 -1 0 0 0 0 0 0 0
1 31 29 32 0.416389 0.553607 0.721207 -1.10314e-007 1 9.88228e-008 -7.63382e-008 0.553607 0.832778 0.166667 1 0.166667 0 0.25 1
2 32 33 41 0 -1 0 0 -1 0 0 -1 0 0 0 0 0 0 0
1 32 29 33 -7.63382e-008 0.553607 0.832778 -1.10314e-007 1 9.88228e-008 -0.416389 0.553607 0.721207 0.25 1 0.333333 0 0.333333 1
2 33 34 41 0 -1 0 0 -1 0 0 -1 0 0 0 0 0 0 0
1 33 29 34 -0.416389 0.553607 0.721207 -1.10314e-007 1 9.88228e-008 -0.721207 0.553607 0.416389 0.333333 1 0.333333 0 0.416667 1
2 34 35 41 0 -1 0 0 -1 0 0 -1 0 0 0 0 0 0 0
1 34 29 35 -0.721207 0.553607 0.416389 -1.10314e-007 1 9.88228e-008 -0.832778 0.553607 5.34367e-008 0.416667 1 0.5 0 0.5 1
2 35 36 41 0 -1 0 0 -1 0 0 -1 0 0 0 0 0 0 0
1 35 29 36 -0.832778 0.553607 5.34367e-008 -1.10314e-007 1 9.88228e-008 -0.721207 0.553607 -0.416389 0.5 1 0.5 0 0.583333 1
2 36 37 41 0 -1 0 0 -1 0 0 -1 0 0 0 0 0 0 0
1 36 29 37 -0.721207 0.553607 -0.416389 -1.10314e-007 1 9.88228e-008 -0.416389 0.553607 -0.721207 0.583333 1 0.666667 0 0.666667 1
2 37 38 41 0 -1 0 0 -1 0 0 -1 0 0 0 0 0 0 0
1 37 29 38 -0.416389 0.553607 -0.721207 -1.10314e-007 1 9.88228e-008 -8.3972e-008 0.553607 -0.832778 0.666667 1 0.666667 0 0.75 1
2 38 39 41 0 -1 0 0 -1 0 0 -1 0 0 0 0 0 0 0
1 38 29 39 -8.3972e-008 0.553607 -0.832778 -1.10314e-007 1 9.88228e-008 0.416389 0.553607 -0.721207 0.75 1 0.833333 0 0.833333 1
2 39 40 41 0 -1 0 0 -1 0 0 -1 0 0 0 0 0 0 0
1 39 29 40 0.416389 0.553607 -0.721207 -1.10314e-007 1 9.88228e-008 0.721207 0.553608 -0.416389 0.833333 1 0.833333 0 0.916667 1
2 40 28 41 0 -1 0 0 -1 0 0 -1 0 0 0 0 0 0 0
1 40 29 28 0.721207 0.553608 -0.416389 -1.10314e-007 1 9.88228e-008 0.832778 0.553608 4.58029e-008 0.916667 1 1 0 1 1
Duplicate21
42
3.67484 3.07692 -1.98932
2.00817 4.48718 -1.98932
3.45155 3.07692 -1.15598
2.8415 3.07692 -0.545941
2.00817 3.07692 -0.32265
1.17484 3.07692 -0.545941
0.564794 3.07692 -1.15598
0.341503 3.07692 -1.98932
0.564794 3.07692 -2.82265
1.17484 3.07692 -3.43269
2.00817 3.07692 -3.65598
2.8415 3.07692 -3.43269
3.45155 3.07692 -2.82265
2.00817 3.07692 -1.98932
3.25817 4 -1.98932
2.00817 5.41026 -1.98932
3.0907 4 -1.36432
2.63317 4 -0.906785
2.00817 4 -0.739316
1.38317 4 -0.906785
0.925638 4 -1.36432
0.75817 4 -1.98932
0.925638 4 -2.61432
1.38317 4 -3.07185
2.00817 4 -3.23932
2.63317 4 -3.07185
3.0907 4 -2.61432
2.00817 4 -1.98932
2.94567 5 -1.98932
2.00817 6.41026 -1.98932
2.82007 5 -1.52057
2.47692 5 -1.17742
2.00817 5 -1.05182
1.53942 5 -1.17742
1.19627 5 -1.52057
1.07067 5 -1.98932
1.19627 5 -2.45807
1.53942 5 -2.80121
2.00817 5 -2.92682
2.47692 5 -2.80121
2.82007 5 -2.45807
2.00817 5 -1.98932
72
2 0 2 13 0 -1 0 0 -1 0 0 -1 0 0 0 0 0 0 0
1 0 1 2 0.645942 0.763386 1.20982e-007 -9.24468e-008 1 7.26368e-008 0.559402 0.763386 0.322971 0 1 0 0 0.0833333 1
2 2 3 13 0 -1 0 0 -1 0 0 -1 0 0 0 0 0 0 0
1 2 1 3 0.559402 0.763386 0.322971 -9.24468e-008 1 7.26368e-008 0.322971 0.763386 0.559402 0.0833333 1 0.166667 0 0.166667 1
2 3 4 13 0 -1 0 0 -1 0 0 -1 0 0 0 0 0 0 0
1 3 1 4 0.322971 0.763386 0.559402 -9.24468e-008 1 7.26368e-008 -6.04908e-008 0.763386 0.645942 0.166667 1 0.166667 0 0.25 1
2 4 5 13 0 -1 0 0 -1 0 0 -1 0 0 0 0 0 0 0
1 4 1 5 -6.04908e-008 0.763386 0.645942 -9.24468e-008 1 7.26368e-008 -0.322971 0.763386 0.559402 0.25 1 0.333333 0 0.333333 1
2 5 6 13 0 -1 0 0 -1 0 0 -1 0 0 0 0 0 0 0
1 5 1 6 -0.322971 0.763386 0.559402 -9.24468e-008 1 7.26368e-008 -0.559402 0.763386 0.322971 0.333333 1 0.333333 0 0.416667 1
2 6 7 13 0 -1 0 0 -1 0 0 -1 0 0 0 0 0 0 0
1 6 1 7 -0.559402 0.763386 0.322971 -9.24468e-008 1 7.26368e-008 -0.645942 0.763386 1.1342e-007 0.416667 1 0.5 0 0.5 1
2 7 8 13 0 -1 0 0 -1 0 0 -1 0 0 0 0 0 0 0
1 7 1 8 -0.645942 0.763386 1.1342e-007 -9.24468e-008 1 7.26368e-008 -0.559402 0.763386 -0.322971 0.5 1 0.5 0 0.583333 1
2 8 9 13 0 -1 0 0 -1 0 0 -1 0 0 0 0 0 0 0
1 8 1 9 -0.559402 0.763386 -0.322971 -9.24468e-008 1 7.26368e-008 -0.322971 0.763386 -0.559402 0.583333 1 0.666667 0 0.666667 1
2 9 10 13 0 -1 0 0 -1 0 0 -1 0 0 0 0 0 0 0
1 9 1 10 -0.322971 0.763386 -0.559402 -9.24468e-008 1 7.26368e-008 -6.04908e-008 0.763386 -0.645942 0.666667 1 0.666667 0 0.75 1
2 10 11 13 0 -1 0 0 -1 0 0 -1 0 0 0 0 0 0 0
1 10 1 11 -6.04908e-008 0.763386 -0.645942 -9.24468e-008 1 7.26368e-008 0.322971 0.763386 -0.559402 0.75 1 0.833333 0 0.833333 1
2 11 12 13 0 -1 0 0 -1 0 0 -1 0 0 0 0 0 0 0
1 11 1 12 0.322971 0.763386 -0.559402 -9.24468e-008 1 7.26368e-008 0.559402 0.763387 -0.322971 0.833333 1 0.833333 0 0.916667 1
2 12 0 13 0 -1 0 0 -1 0 0 -1 0 0 0 0 0 0 0
1 12 1 0 0.559402 0.763387 -0.322971 -9.24468e-008 1 7.26368e-008 0.645942 0.763386 1.20982e-007 0.916667 1 1 0 1 1
2 14 16 27 0 -1 0 0 -1 0 0 -1 0 0 0 0 0 0 0
1 14 15 16 0.748347 0.663307 1.44379e-007 -4.58243e-008 1 -4.9643e-008 0.648088 0.663307 0.374174 0 1 0 0 0.0833333 1
2 16 17 27 0 -1 0 0 -1 0 0 -1 0 0 0 0 0 0 0
1 16 15 17 0.648088 0.663307 0.374174 -4.58243e-008 1 -4.9643e-008 0.374174 0.663307 0.648088 0.0833333 1 0.166667 0 0.166667 1
2 17 18 27 0 -1 0 0 -1 0 0 -1 0 0 0 0 0 0 0
1 17 15 18 0.374174 0.663307 0.648088 -4.58243e-008 1 -4.9643e-008 -9.11867e-008 0.663307 0.748347 0.166667 1 0.166667 0 0.25 1
2 18 19 27 0 -1 0 0 -1 0 0 -1 0 0 0 0 0 0 0
1 18 15 19 -9.11867e-008 0.663307 0.748347 -4.58243e-008 1 -4.9643e-008 -0.374174 0.663307 0.648088 0.25 1 0.333333 0 0.333333 1
2 19 20 27 0 -1 0 0 -1 0 0 -1 0 0 0 0 0 0 0
1 19 15 20 -0.374174 0.663307 0.648088 -4.58243e-008 1 -4.9643e-008 -0.648088 0.663307 0.374174 0.333333 1 0.333333 0 0.416667 1
2 20 21 27 0 -1 0 0 -1 0 0 -1 0 0 0 0 0 0 0
1 20 15 21 -0.648088 0.663307 0.374174 -4.58243e-008 1 -4.9643e-008 -0.748347 0.663307 1.44379e-007 0.416667 1 0.5 0 0.5 1
2 21 22 27 0 -1 0 0 -1 0 0 -1 0 0 0 0 0 0 0
1 21 15 22 -0.748347 0.663307 1.44379e-007 -4.58243e-008 1 -4.9643e-008 -0.648088 0.663307 -0.374174 0.5 1 0.5 0 0.583333 1
2 22 23 27 0 -1 0 0 -1 0 0 -1 0 0 0 0 0 0 0
1 22 15 23 -0.648088 0.663307 -0.374174 -4.58243e-008 1 -4.9643e-008 -0.374173 0.663307 -0.648088 0.583333 1 0.666667 0 0.666667 1
2 23 24 27 0 -1 0 0 -1 0 0 -1 0 0 0 0 0 0 0
1 23 15 24 -0.374173 0.663307 -0.648088 -4.58243e-008 1 -4.9643e-008 -9.11867e-008 0.663307 -0.748347 0.666667 1 0.666667 0 0.75 1
2 24 25 27 0 -1 0 0 -1 0 0 -1 0 0 0 0 0 0 0
1 24 15 25 -9.11867e-008 0.663307 -0.748347 -4.58243e-008 1 -4.9643e-008 0.374173 0.663307 -0.648088 0.75 1 0.833333 0 0.833333 1
2 25 26 27 0 -1 0 0 -1 0 0 -1 0 0 0 0 0 0 0
1 25 15 26 0.374173 0.663307 -0.648088 -4.58243e-008 1 -4.9643e-008 0.648088 0.663307 -0.374174 0.833333 1 0.833333 0 0.916667 1
2 26 14 27 0 -1 0 0 -1 0 0 -1 0 0 0 0 0 0 0
1 26 15 14 0.648088 0.663307 -0.374174 -4.58243e-008 1 -4.9643e-008 0.748347 0.663307 1.44379e-007 0.916667 1 1 0 1 1
2 28 30 41 0 -1 0 0 -1 0 0 -1 0 0 0 0 0 0 0
1 28 29 30 0.832778 0.553608 8.3972e-008 -1.47085e-007 1 1.58576e-007 0.721207 0.553608 0.416389 0 1 0 0 0.0833333 1
2 30 31 41 0 -1 0 0 -1 0 0 -1 0 0 0 0 0 0 0
1 30 29 31 0.721207 0.553608 0.416389 -1.47085e-007 1 1.58576e-007 0.416388 0.553607 0.721207 0.0833333 1 0.166667 0 0.166667 1
2 31 32 41 0 -1 0 0 -1 0 0 -1 0 0 0 0 0 0 0
1 31 29 32 0.416388 0.553607 0.721207 -1.47085e-007 1 1.58576e-007 -1.29775e-007 0.553607 0.832778 0.166667 1 0.166667 0 0.25 1
2 32 33 41 0 -1 0 0 -1 0 0 -1 0 0 0 0 0 0 0
1 32 29 33 -1.29775e-007 0.553607 0.832778 -1.47085e-007 1 1.58576e-007 -0.416389 0.553607 0.721207 0.25 1 0.333333 0 0.333333 1
2 33 34 41 0 -1 0 0 -1 0 0 -1 0 0 0 0 0 0 0
1 33 29 34 -0.416389 0.553607 0.721207 -1.47085e-007 1 1.58576e-007 -0.721207 0.553607 0.416389 0.333333 1 0.333333 0 0.416667 1
2 34 35 41 0 -1 0 0 -1 0 0 -1 0 0 0 0 0 0 0
1 34 29 35 -0.721207 0.553607 0.416389 -1.47085e-007 1 1.58576e-007 -0.832778 0.553607 7.63382e-008 0.416667 1 0.5 0 0.5 1
2 35 36 41 0 -1 0 0 -1 0 0 -1 0 0 0 0 0 0 0
1 35 29 36 -0.832778 0.553607 7.63382e-008 -1.47085e-007 1 1.58576e-007 -0.721207 0.553607 -0.416389 0.5 1 0.5 0 0.583333 1
2 36 37 41 0 -1 0 0 -1 0 0 -1 0 0 0 0 0 0 0
1 36 29 37 -0.721207 0.553607 -0.416389 -1.47085e-007 1 1.58576e-007 -0.416389 0.553607 -0.721207 0.583333 1 0.666667 0 0.666667 1
2 37 38 41 0 -1 0 0 -1 0 0 -1 0 0 0 0 0 0 0
1 37 29 38 -0.416389 0.553607 -0.721207 -1.47085e-007 1 1.58576e-007 -1.37409e-007 0.553607 -0.832778 0.666667 1 0.666667 0 0.75 1
2 38 39 41 0 -1 0 0 -1 0 0 -1 0 0 0 0 0 0 0
1 38 29 39 -1.37409e-007 0.553607 -0.832778 -1.47085e-007 1 1.58576e-007 0.416389 0.553607 -0.721207 0.75 1 0.833333 0 0.833333 1
2 39 40 41 0 -1 0 0 -1 0 0 -1 0 0 0 0 0 0 0
1 39 29 40 0.416389 0.553607 -0.721207 -1.47085e-007 1 1.58576e-007 0.721207 0.553608 -0.416389 0.833333 1 0.833333 0 0.916667 1
2 40 28 41 0 -1 0 0 -1 0 0 -1 0 0 0 0 0 0 0
1 40 29 28 0.721207 0.553608 -0.416389 -1.47085e-007 1 1.58576e-007 0.832778 0.553608 8.3972e-008 0.916667 1 1 0 1 1
